1.500000 0.250000 10.000000 
4.500000 0.250000 10.000000 
7.500000 0.250000 10.000000 
10.500000 0.250000 10.000000 
13.500000 0.250000 10.000000 
1.500000 0.750000 10.000000 
4.500000 0.750000 10.000000 
7.500000 0.750000 10.000000 
10.500000 0.750000 10.000000 
13.500000 0.750000 10.000000 
1.500000 1.250000 10.000000 
4.500000 1.250000 10.000000 
7.500000 1.250000 10.000000 
10.500000 1.250000 10.000000 
13.500000 1.250000 10.000000 
1.500000 1.750000 10.000000 
4.500000 1.750000 10.000000 
7.500000 1.750000 10.000000 
10.500000 1.750000 10.000000 
13.500000 1.750000 10.000000 
1.500000 2.250000 10.000000 
4.500000 2.250000 10.000000 
7.500000 2.250000 10.000000 
10.500000 2.250000 10.000000 
13.500000 2.250000 10.000000 
1.500000 2.750000 10.000000 
4.500000 2.750000 10.000000 
7.500000 2.750000 10.000000 
10.500000 2.750000 10.000000 
13.500000 2.750000 10.000000 
