21, 112.5
18, 113
12, 114.1
11, 114.4
30, 114.4
4, 114.5
3, 115.7
1, 116
13, 116
14, 116.2
26, 116.4
5, 116.6
22, 116.6
23, 116.9
19, 117.2
9, 117.3
20, 117.5
21, 117.5
31, 117.5
2, 117.9
17, 118.2
15, 118.8
18, 118.8
10, 119.5
27, 120.1
24, 120.3
11, 120.4
12, 120.5
29, 120.5
4, 121.6
6, 121.8
30, 122.2
28, 122.5
3, 122.7
14, 123
22, 123.5
19, 123.7
20, 123.7
18, 123.9
23, 123.9
21, 124.1
26, 124.1
13, 124.6
1, 124.7
8, 125.1
9, 125.3
11, 125.6
2, 125.9
15, 125.9
31, 125.9
12, 126.4
25, 126.4
5, 127
4, 127.7
30, 127.7
17, 127.8
10, 128.3
18, 128.9
27, 129.4
20, 129.5
21, 129.8
0, 130.3
3, 130.4
14, 131
19, 131.2
26, 131.9
13, 132.6
11, 132.9
22, 133.3
28, 133.8
29, 134
12, 134.4
23, 134.4
30, 134.6
31, 134.6
24, 134.7
21, 134.9
9, 135.1
16, 135.1
1, 135.3
18, 135.5
4, 136.5
8, 136.9
20, 136.9
15, 137.1
2, 137.2
6, 137.2
3, 137.9
14, 139.5
11, 140
30, 140.1
27, 140.6
22, 140.8
26, 141.1
31, 141.2
19, 141.6
23, 141.9
10, 142
21, 142.3
18, 144.2
13, 144.6
12, 144.8
20, 145
3, 145.9
24, 146.1
4, 146.4
17, 146.7
1, 148.5
9, 148.5
14, 150
30, 151.5
5, 152.4
0, 152.5
11, 153.2
31, 153.4
26, 153.7
8, 155
23, 155.8
15, 156.5
21, 158.1
27, 158.5
18, 158.9
22, 159.2
2, 159.6
13, 159.9
29, 160.7
30, 163.4
20, 163.8
3, 165
6, 166.4
19, 166.9
12, 167.6
14, 168.4
11, 168.9
4, 171.1
31, 173.9
18, 174
21, 174.2
1, 174.5
16, 174.8
9, 176.3
23, 178.2
30, 178.2
26, 178.3
22, 181.3
10, 182.4
13, 182.6
20, 183.6
3, 184.8
11, 185.7
14, 188.1
2, 189
27, 189
15, 189.1
18, 190.1
21, 190.9
12, 191.6
30, 192.9
19, 195.3
31, 195.6
4, 195.7
1, 198.2
24, 198.6
11, 199
20, 199.7
18, 199.8
13, 199.9
21, 199.9
26, 200.2
28, 200.5
5, 202.7
30, 202.7
12, 203.7
3, 203.9
23, 204
9, 204.5
14, 206.1
22, 206.2
17, 206.7
18, 209.6
4, 209.8
11, 210.1
21, 210.9
8, 211.8
13, 212.4
31, 213
26, 213.9
25, 214.6
27, 214.8
1, 215.2
30, 215.3
19, 215.7
6, 216
20, 217.1
3, 217.6
12, 218.2
10, 220.5
18, 221.5
29, 222.1
15, 226.5
2, 228.5
24, 228.5
11, 230.4
14, 232.4
21, 232.5
9, 233.1
4, 237.5
30, 237.9
23, 238.9
17, 239.1
18, 240.5
22, 241
13, 241.5
31, 244.3
20, 244.5
26, 244.6
3, 248.8
5, 250
12, 250.9
11, 252.6
21, 256.3
1, 257.7
27, 258.8
19, 258.9
18, 261.3
30, 262.7
14, 264
4, 271.1
13, 275.2
20, 276.2
21, 276.9
11, 277.6
18, 277.7
31, 278.2
12, 278.9
30, 279.5
26, 279.9
3, 281.1
23, 281.7
22, 282.5
1, 282.8
9, 283.6
15, 284.4
4, 285
24, 285
2, 285.8
14, 286.3
18, 287.2
5, 287.3
21, 288
19, 288.1
11, 289.1
10, 289.3
12, 289.3
30, 290.1
3, 290.3
17, 290.4
13, 291.1
29, 291.1
28, 291.7
22, 291.8
23, 292.8
4, 292.9
6, 293.5
2, 293.9
8, 294.6
31, 294.7
27, 295
1, 295.7
26, 295.8
14, 296.4
18, 297.5
9, 297.9
25, 297.9
20, 298.3
11, 300.7
19, 305.9
21, 306
30, 307.5
12, 309.3
3, 311.5
2, 314.3
11, 319.9
18, 320.1
15, 321.8
22, 322.3
4, 322.5
23, 325.7
3, 326
14, 326.5
30, 328.3
21, 330.3
11, 334
17, 334.1
13, 334.4
31, 335.2
26, 339.3
9, 342.6
18, 344.2
3, 344.5
1, 345.3
24, 345.3
12, 346.9
20, 349.7
19, 350.9
30, 352.2
10, 352.8
2, 355.1
4, 355.6
21, 358.5
22, 359.2
14, 361.5
11, 363.5
29, 363.5
23, 366.5
18, 372.5
30, 381.1
3, 382.4
27, 384.7
31, 391.5
21, 393.7
13, 395.2
12, 396.1
11, 397.5
4, 398.5
26, 399.7
9, 406.1
2, 407.7
18, 408.1
14, 408.7
15, 409.1
22, 410.1
19, 415.4
30, 417.3
1, 419.6
23, 426.9
3, 430.9
20, 435.8
21, 442.1
11, 443.2
18, 457.4
4, 464.2
30, 467.1
12, 481.5
14, 485.2
22, 504.5
3, 512.9
11, 515.3
2, 520.3
21, 523.7
18, 542.2
30, 556.2
21, 656.1
18, 656.5
30, 657
11, 657.3
12, 657.8
4, 657.9
13, 659
1, 659.1
3, 659.4
5, 659.6
14, 659.7
26, 659.7
31, 660.1
20, 660.2
22, 660.3
23, 660.5
19, 660.6
9, 660.8
2, 661.1
17, 661.3
30, 661.4
21, 661.6
18, 661.8
15, 662
10, 662.2
11, 662.2
29, 662.9
27, 663
24, 663.1
12, 664
4, 664.2
6, 664.6
28, 665.1
13, 665.5
1, 665.9
25, 666.5
3, 666.9
14, 667.1
8, 667.2
20, 667.4
26, 667.4
18, 667.5
19, 667.5
22, 667.7
11, 667.8
23, 668.2
30, 668.3
2, 668.5
21, 668.9
9, 669.1
4, 669.4
15, 669.6
12, 670
31, 670
5, 670.4
17, 670.5
10, 670.9
1, 671.3
29, 671.3
0, 673.1
13, 673.3
14, 673.3
27, 673.3
20, 673.5
18, 674.1
11, 674.4
3, 674.9
30, 675
21, 675.1
26, 675.8
19, 676.7
2, 677.1
16, 678
24, 678
22, 678.3
12, 678.4
4, 678.5
31, 678.8
9, 679
28, 679.6
6, 679.7
8, 680.1
23, 680.1
14, 680.9
11, 681.7
20, 681.7
13, 681.8
18, 682.6
1, 682.7
30, 683.5
27, 684.1
21, 684.3
31, 684.4
3, 684.5
15, 684.7
26, 685.6
22, 685.8
17, 686.7
23, 688.9
10, 689.1
19, 689.3
2, 689.7
0, 691
9, 692.6
20, 693.2
3, 694.1
21, 694.3
11, 694.4
14, 694.6
30, 695.4
13, 695.9
18, 695.9
12, 696.3
4, 696.7
24, 697
31, 699.8
26, 700.2
15, 702.3
27, 702.3
23, 702.4
30, 704.1
22, 704.5
1, 704.8
14, 705.3
9, 705.6
11, 705.9
29, 706.2
3, 706.3
31, 706.3
13, 706.7
8, 706.8
6, 707.9
18, 709.7
21, 710.2
26, 710.3
16, 710.4
20, 711.4
24, 713
30, 713.2
19, 713.4
31, 714.4
23, 714.6
12, 715.3
14, 715.4
27, 715.7
13, 715.9
4, 716.1
5, 716.4
2, 716.7
11, 717.4
9, 718.2
3, 719.2
15, 719.5
10, 721.6
30, 721.9
29, 722.5
31, 722.7
21, 723.1
8, 723.2
26, 723.9
18, 724.4
22, 724.4
6, 724.7
14, 724.7
13, 725.1
23, 725.7
11, 727.6
27, 727.6
3, 727.8
30, 728.7
1, 728.8
31, 729.3
20, 730.6
9, 730.9
21, 731.1
14, 732.4
13, 732.5
24, 733.9
26, 733.9
12, 734.9
30, 735.8
15, 736.2
23, 736.4
4, 736.5
31, 736.6
16, 736.7
18, 736.9
28, 738.1
11, 738.4
29, 738.7
3, 739.8
21, 740.6
8, 741.2
19, 741.3
27, 741.3
13, 741.9
6, 742.2
1, 742.5
20, 743.1
14, 744.1
26, 744.3
30, 744.8
18, 746
5, 746.1
9, 746.7
31, 747.2
2, 747.4
24, 747.9
12, 748.1
22, 748.5
4, 748.6
11, 749.1
17, 749.6
21, 750.8
3, 751.9
30, 754.2
23, 756
25, 756.2
1, 756.3
18, 757
13, 758.4
11, 761.1
20, 761.4
26, 761.9
4, 762.6
14, 763.6
10, 764.5
29, 765.9
31, 771.2
21, 771.8
15, 772.2
17, 773.2
30, 774.6
18, 774.7
12, 776.3
22, 778
8, 778.8
26, 783.8
24, 783.9
18, 785.2
11, 785.5
27, 786.5
9, 786.7
3, 787.2
13, 787.6
20, 788.5
19, 788.9
23, 789.7
14, 792.2
21, 794.2
30, 795.3
25, 795.6
18, 797
1, 797.7
31, 799
4, 799.5
26, 800.5
24, 801.6
18, 808.7
2, 808.9
12, 809.5
11, 811.7
24, 815.3
26, 815.4
21, 817.6
30, 817.6
13, 817.7
25, 817.7
20, 818.5
18, 819.3
22, 821.9
14, 822.1
3, 822.4
15, 822.9
4, 823.6
21, 823.6
12, 823.9
31, 823.9
5, 824.1
1, 824.7
11, 825.3
30, 825.6
23, 826.3
6, 828
9, 828
13, 828.4
19, 830.2
17, 831.3
27, 831.6
18, 832.1
10, 832.4
3, 834
14, 834.5
8, 834.7
29, 834.8
26, 835.2
11, 835.4
2, 835.6
12, 837.2
28, 837.4
21, 838.4
30, 840.6
20, 840.9
4, 841.1
18, 843.1
22, 843.7
31, 844.5
23, 848.3
1, 848.6
13, 848.7
9, 851.7
14, 852.1
11, 852.3
30, 852.5
19, 852.6
21, 852.6
2, 853.6
15, 853.7
17, 854.9
18, 856.9
12, 857.3
4, 857.9
22, 858.4
29, 859
5, 859.3
8, 860.7
17, 862.2
11, 862.5
26, 862.5
21, 863
30, 863.4
23, 865.4
14, 865.8
2, 866.6
31, 867.8
19, 869
9, 870.5
3, 870.7
12, 870.8
18, 871.2
20, 873.6
21, 875.9
4, 882.1
17, 883.8
18, 883.8
11, 884.6
24, 885.1
30, 886.5
26, 886.7
21, 887.3
12, 887.6
13, 888.4
8, 889.3
9, 889.7
18, 890.9
20, 891.4
31, 893.2
17, 893.3
27, 894.1
4, 895.1
11, 896.4
30, 896.7
21, 897.2
12, 898.5
14, 899.8
26, 900.9
22, 902
2, 902.2
1, 903.5
19, 903.5
18, 904.2
11, 906.4
4, 906.6
23, 907.3
5, 907.5
3, 908.2
31, 908.2
13, 908.4
9, 908.8
21, 913.7
12, 913.9
6, 915.1
18, 916.8
24, 919.1
30, 920.3
14, 920.8
4, 923
15, 923.3
11, 924.1
20, 925.2
3, 925.3
26, 925.4
10, 926
25, 926.7
13, 927.8
17, 932.9
2, 940.3
29, 941.2
5, 944.3
21, 946.5
18, 947.7
12, 948.7
30, 953.2
22, 955.7
1, 959.2
23, 961
4, 964.8
11, 965
14, 967.5
31, 968.8
18, 981
21, 984.4
3, 986.5
13, 988.7
26, 993.6
30, 994.1
9, 1006
12, 1010.7
11, 1014.4
4, 1016
18, 1024.8
20, 1034.9
14, 1036.8
21, 1037.1
30, 1054.8
18, 1092
11, 1101.9
4, 1113.5
21, 1147.6
21, 1280.9
18, 1281.1
30, 1281.5
11, 1281.7
12, 1282.3
4, 1282.4
1, 1283.2
13, 1283.2
5, 1283.6
3, 1283.7
26, 1284
14, 1284.1
20, 1284.4
31, 1284.5
19, 1285.1
22, 1285.1
23, 1285.3
9, 1285.5
17, 1285.7
2, 1285.9
11, 1285.9
30, 1286
10, 1286.5
15, 1286.6
18, 1286.6
21, 1286.6
24, 1286.7
4, 1286.9
29, 1287.1
27, 1287.3
6, 1287.9
12, 1288.3
1, 1288.6
28, 1288.8
13, 1289.6
25, 1289.6
20, 1290.3
8, 1290.7
3, 1291.6
14, 1291.9
5, 1292
2, 1292.1
11, 1292.1
19, 1292.1
26, 1292.1
18, 1292.3
22, 1292.8
23, 1293.2
30, 1293.2
4, 1293.3
21, 1293.9
31, 1293.9
9, 1294.1
15, 1294.5
17, 1294.5
12, 1294.6
1, 1294.9
27, 1295.2
10, 1295.3
29, 1295.6
13, 1296.3
14, 1296.9
20, 1297
0, 1297.7
18, 1298
22, 1298
11, 1298.3
4, 1299
3, 1299.7
2, 1299.8
30, 1300.1
21, 1300.5
26, 1300.5
19, 1301.5
24, 1302
16, 1302.2
27, 1302.2
23, 1302.7
8, 1302.9
12, 1303
31, 1303.3
28, 1303.4
6, 1303.8
9, 1305.2
20, 1305.2
11, 1305.5
5, 1305.7
18, 1306.4
1, 1307.1
3, 1307.3
17, 1308.6
26, 1310.3
14, 1310.5
30, 1310.5
22, 1311
13, 1311.5
31, 1312.7
27, 1312.9
2, 1313.1
24, 1313.2
10, 1313.5
21, 1313.7
23, 1314
15, 1314.4
19, 1314.9
4, 1316.9
11, 1317.6
0, 1319.1
18, 1319.6
30, 1319.9
3, 1320.6
12, 1321.3
20, 1321.3
14, 1321.6
9, 1322.1
1, 1322.5
26, 1323.6
31, 1323.6
21, 1324.2
22, 1324.6
11, 1324.7
16, 1325.3
30, 1326.6
2, 1328.1
24, 1328.1
27, 1328.1
8, 1328.3
23, 1328.6
13, 1329.3
17, 1329.4
25, 1329.4
21, 1330.2
14, 1330.3
26, 1330.6
31, 1330.8
18, 1331
3, 1331.5
28, 1332
11, 1332.8
30, 1333.1
20, 1333.3
9, 1333.4
1, 1333.5
6, 1334.1
22, 1335
16, 1335.4
4, 1336
19, 1338.5
2, 1339.4
21, 1340.2
30, 1340.6
12, 1341
31, 1341
26, 1341.7
15, 1341.8
14, 1342.2
27, 1342.7
3, 1342.9
13, 1343.4
11, 1343.5
0, 1344.4
18, 1344.4
24, 1345.6
23, 1346.4
30, 1346.5
10, 1346.8
22, 1346.8
31, 1346.9
21, 1347.8
17, 1348.4
26, 1348.7
14, 1349.7
20, 1349.7
27, 1349.8
29, 1350.8
30, 1351.8
31, 1352
16, 1352.6
3, 1352.8
13, 1352.8
1, 1353.1
9, 1353.6
11, 1353.9
15, 1354.3
21, 1355
6, 1355.1
26, 1355.1
18, 1355.5
4, 1357
24, 1357.2
22, 1357.3
27, 1357.5
14, 1357.6
23, 1358
30, 1358.8
31, 1359.3
17, 1360.3
20, 1360.7
12, 1361.2
11, 1361.5
3, 1361.8
1, 1362.2
5, 1363.4
26, 1363.6
13, 1364.2
25, 1364.6
28, 1365.1
19, 1365.5
9, 1365.9
18, 1366
21, 1366.4
16, 1366.8
24, 1367.9
14, 1368
12, 1368.5
2, 1368.8
11, 1369.5
30, 1369.6
27, 1370.2
4, 1370.6
20, 1370.7
15, 1371.7
31, 1372.1
3, 1372.7
6, 1373
1, 1373.4
26, 1375.4
18, 1376
17, 1376.3
22, 1377
21, 1378.2
8, 1378.5
24, 1380.3
13, 1380.9
9, 1381.5
30, 1384.8
20, 1385.9
10, 1386.3
12, 1386.3
18, 1386.8
23, 1388
14, 1388.9
5, 1392.4
11, 1393.4
3, 1398.9
26, 1399.1
31, 1400.1
25, 1400.6
21, 1401.7
19, 1401.9
4, 1403.3
30, 1404.3
1, 1404.8
18, 1407.3
20, 1409.9
22, 1411.5
2, 1415.2
13, 1417.2
9, 1417.5
11, 1417.5
27, 1418.9
24, 1419.9
14, 1420.2
17, 1420.8
12, 1422.5
16, 1423.8
26, 1424
30, 1425.4
21, 1426.9
15, 1427.9
18, 1428.6
31, 1428.8
3, 1431.4
23, 1434.4
20, 1436.1
1, 1443.3
11, 1443.6
18, 1443.7
4, 1444.1
21, 1444.5
30, 1445.3
12, 1446.3
13, 1446.8
26, 1447.1
14, 1448.6
5, 1449
19, 1449.3
22, 1449.3
31, 1449.8
18, 1450.4
21, 1450.9
10, 1452
24, 1452.1
20, 1452.7
3, 1452.9
9, 1453.5
6, 1453.6
11, 1454.4
17, 1454.6
4, 1455
26, 1456.1
12, 1456.5
27, 1457.1
28, 1457.1
25, 1457.8
13, 1457.9
23, 1458
8, 1458.4
1, 1459.4
30, 1460.2
18, 1460.9
19, 1461.1
14, 1461.9
2, 1462.1
3, 1463.9
11, 1464.2
29, 1464.4
15, 1466.5
5, 1466.9
21, 1467.5
22, 1468.7
4, 1469.6
12, 1469.9
17, 1470.9
26, 1471.6
9, 1471.9
18, 1475.6
2, 1476.5
11, 1477.9
30, 1479.7
17, 1480.6
12, 1481.5
8, 1481.7
4, 1481.8
19, 1482.5
31, 1483.8
10, 1484.3
9, 1485.7
2, 1486.2
20, 1486.7
18, 1486.9
11, 1489
24, 1495.3
21, 1495.8
26, 1496.2
14, 1497.2
3, 1498.2
13, 1498.9
12, 1500.8
30, 1502
2, 1502.9
19, 1503.1
17, 1509.1
18, 1509.3
9, 1510.7
11, 1510.7
23, 1510.7
21, 1511.3
3, 1511.9
31, 1511.9
30, 1512.7
8, 1514
27, 1514.6
22, 1515.2
4, 1517.4
16, 1518.6
21, 1519.8
17, 1519.9
1, 1520.1
12, 1522.1
11, 1522.2
31, 1522.7
3, 1522.9
30, 1524.9
18, 1525.7
2, 1526.7
20, 1526.7
9, 1526.8
19, 1527.5
21, 1527.9
26, 1528.4
5, 1528.8
13, 1529.2
11, 1531
4, 1531.9
14, 1532.4
12, 1532.7
24, 1533.4
18, 1534.8
1, 1535.5
25, 1537
6, 1538.4
15, 1543.8
12, 1544
26, 1544
4, 1544.7
3, 1545.2
30, 1545.8
22, 1546.8
13, 1548
23, 1548.2
17, 1551.5
5, 1552.8
2, 1553.1
18, 1553.1
14, 1554.3
21, 1555.4
20, 1558.6
12, 1560.9
18, 1564.3
21, 1567.2
11, 1568.1
31, 1573.1
18, 1576.3
12, 1578.4
21, 1581.6
20, 1584.2
30, 1586.5
4, 1587.8
26, 1594.4
24, 1596.5
3, 1599.1
9, 1601
18, 1611.2
11, 1612.7
1, 1613.2
13, 1616.6
14, 1621.2
17, 1626.6
12, 1634
21, 1636.9
30, 1638.9
22, 1639.4
4, 1641.1
18, 1650.6
31, 1662.7
26, 1669.4
11, 1679.3
21, 1684.7
30, 1686.1
1, 1687.5
4, 1689.2
13, 1689.3
3, 1689.6
5, 1690.7
18, 1693.4
12, 1694.5
31, 1695.4
21, 1696.9
20, 1697.6
11, 1700.1
30, 1707.5
1, 1714
4, 1738.5
18, 1748.2
21, 1764.3
12, 1811.3
18, 1905.6
21, 1905.6
30, 1906.1
11, 1906.3
12, 1906.6
4, 1906.8
1, 1907.5
13, 1907.8
3, 1908.1
5, 1908.2
26, 1908.4
14, 1908.6
20, 1908.7
31, 1908.8
19, 1909.5
22, 1909.5
23, 1909.7
9, 1910.1
17, 1910.1
2, 1910.4
11, 1910.5
24, 1910.6
30, 1910.6
18, 1910.8
10, 1910.9
15, 1911
4, 1911.3
21, 1911.4
29, 1911.5
27, 1911.6
6, 1912
1, 1912.7
12, 1912.8
28, 1912.9
20, 1913.6
25, 1913.7
13, 1914.1
8, 1914.7
31, 1915.5
2, 1916.2
3, 1916.2
14, 1916.3
5, 1916.4
18, 1916.5
26, 1916.5
19, 1916.6
11, 1916.7
22, 1917.5
4, 1917.9
23, 1917.9
30, 1917.9
20, 1918.7
9, 1918.8
21, 1918.8
17, 1919
12, 1919.2
15, 1919.2
1, 1919.6
24, 1920
27, 1920
10, 1920.1
29, 1920.4
3, 1920.7
31, 1921.3
13, 1921.5
14, 1921.7
22, 1921.8
6, 1922
0, 1922.5
2, 1922.7
18, 1922.9
30, 1923.7
11, 1923.8
4, 1924.2
20, 1924.7
19, 1924.9
21, 1924.9
8, 1925.6
26, 1925.6
23, 1925.9
5, 1926
16, 1926
12, 1926.1
27, 1926.8
28, 1927.1
3, 1927.3
9, 1927.3
1, 1927.4
31, 1931.2
11, 1932.3
18, 1932.3
20, 1933.3
17, 1934.3
30, 1935.4
2, 1936.3
24, 1936.3
22, 1936.5
9, 1937.3
26, 1937.4
10, 1937.6
3, 1937.7
14, 1937.9
21, 1939
27, 1939.4
23, 1939.6
31, 1939.7
1, 1940.5
18, 1941
12, 1942
19, 1942
8, 1942.2
13, 1942.3
4, 1942.8
11, 1944.9
0, 1946
15, 1946.6
30, 1947
3, 1947.7
31, 1949.5
26, 1950.2
16, 1950.4
27, 1950.9
20, 1951.4
18, 1951.5
23, 1952.4
22, 1952.5
14, 1953.3
21, 1953.8
30, 1953.8
11, 1954.3
31, 1955.2
19, 1955.5
3, 1957.4
13, 1957.9
26, 1958.1
24, 1959.6
6, 1960.1
27, 1960.1
18, 1960.7
14, 1962
12, 1962.4
4, 1962.5
15, 1962.7
30, 1962.9
2, 1963.4
22, 1963.7
23, 1964
31, 1964
1, 1966.6
9, 1967.2
11, 1967.2
3, 1968.3
20, 1969.8
21, 1969.9
26, 1970.7
27, 1971.4
10, 1971.6
30, 1972.3
31, 1973.1
13, 1973.5
14, 1974.3
11, 1975
23, 1975.7
29, 1976.3
18, 1976.5
15, 1977.6
6, 1977.7
19, 1977.9
3, 1978.2
30, 1978.9
22, 1979.3
31, 1979.4
26, 1981.1
27, 1981.6
12, 1984.1
4, 1984.2
5, 1984.9
21, 1985.2
11, 1985.6
13, 1985.9
23, 1986
30, 1986
3, 1986.4
18, 1987.2
31, 1987.3
14, 1987.6
20, 1987.9
1, 1989.6
26, 1990.7
24, 1991.6
27, 1991.9
18, 1992.4
15, 1993
21, 1993
2, 1993.5
12, 1993.7
28, 1993.8
6, 1993.9
11, 1993.9
9, 1994.8
30, 1995.2
4, 1995.5
19, 1995.6
17, 1996.4
3, 1996.5
22, 1996.7
13, 1997
31, 1997.8
20, 1998.8
8, 1999.1
18, 2000.5
5, 2000.8
24, 2002.4
25, 2003.8
26, 2004.4
21, 2006.8
14, 2008
18, 2008.8
30, 2009
1, 2010.1
10, 2011
11, 2011.1
12, 2011.1
17, 2011.4
23, 2012.3
9, 2012.8
4, 2013
20, 2014.9
3, 2021.2
31, 2026.6
30, 2028.6
22, 2028.7
26, 2029.1
18, 2029.5
21, 2029.6
2, 2030.1
11, 2030.9
8, 2031.4
13, 2031.6
27, 2033.3
19, 2033.5
17, 2034.6
9, 2035.7
4, 2038.1
12, 2040.6
14, 2040.8
20, 2041.4
18, 2042.1
11, 2044.2
21, 2046.5
15, 2047.5
26, 2048
30, 2049
1, 2051.4
17, 2051.7
23, 2051.7
18, 2052.7
3, 2054.3
12, 2054.3
21, 2055
31, 2055.7
20, 2055.8
4, 2060.1
9, 2060.2
11, 2060.2
18, 2061.2
17, 2061.3
26, 2063.1
8, 2063.9
12, 2065.2
21, 2065.5
24, 2066.4
22, 2066.9
13, 2068.1
20, 2068.8
30, 2069.1
18, 2071.4
17, 2071.5
4, 2072.5
11, 2072.6
9, 2072.9
5, 2073.4
14, 2073.7
21, 2074
1, 2075
31, 2075
30, 2075.2
19, 2075.3
27, 2075.6
26, 2076
12, 2077.2
3, 2077.5
6, 2077.9
10, 2078.1
13, 2078.9
23, 2079.9
18, 2081.6
2, 2082.8
4, 2083.2
22, 2083.8
11, 2085.2
24, 2085.5
25, 2086.4
5, 2087.1
28, 2087.2
3, 2087.7
14, 2088.2
19, 2088.9
26, 2093.4
12, 2093.9
15, 2094.4
29, 2097
1, 2097.4
2, 2100.4
27, 2100.7
11, 2101.4
30, 2102.2
13, 2102.4
4, 2102.5
18, 2102.7
21, 2104.1
31, 2106.3
12, 2106.8
19, 2109.3
20, 2109.8
30, 2110.3
11, 2110.7
5, 2111
2, 2111.5
4, 2111.5
1, 2112.1
18, 2114
3, 2116.1
13, 2117.1
21, 2118.9
30, 2121.3
11, 2122.7
31, 2123
12, 2126.4
2, 2134.4
19, 2135.2
14, 2135.3
23, 2135.5
18, 2137
26, 2137.2
3, 2137.8
11, 2138.7
9, 2141.3
12, 2141.9
4, 2142.3
21, 2142.5
30, 2143.2
22, 2144
1, 2145.1
31, 2145.1
11, 2146.1
13, 2147
5, 2148.1
3, 2148.9
2, 2149
19, 2151.3
18, 2151.7
21, 2152.9
12, 2153.3
30, 2153.7
17, 2153.9
20, 2154.2
4, 2155.6
24, 2155.8
11, 2156.1
31, 2157.5
1, 2157.7
26, 2158
18, 2159.3
14, 2160.7
25, 2163
27, 2163.2
8, 2163.9
23, 2165.2
9, 2165.4
13, 2165.5
3, 2166.2
6, 2166.5
22, 2168.7
10, 2169
28, 2170.6
18, 2172
15, 2172.2
26, 2175.1
17, 2175.8
19, 2176.3
21, 2179
11, 2179.6
24, 2183.2
9, 2186
30, 2187.6
17, 2188.3
8, 2188.8
18, 2189.4
26, 2194.3
25, 2194.9
12, 2196.8
24, 2197.9
4, 2212.6
20, 2217.4
31, 2219
21, 2219.9
18, 2220.4
11, 2224.2
9, 2228.6
2, 2235
30, 2235.2
17, 2241.1
14, 2241.3
3, 2252.8
12, 2253.8
19, 2255
18, 2257
13, 2257.6
26, 2268.6
1, 2270.7
21, 2276.6
11, 2283.3
18, 2304.1
30, 2304.3
22, 2305.3
21, 2305.8
31, 2307.6
12, 2308.4
20, 2312.3
4, 2313.7
1, 2317.9
21, 2318.4
13, 2320.8
5, 2321.5
11, 2322
18, 2323.1
30, 2323.5
12, 2326.8
31, 2337.6
1, 2341.1
21, 2380.8
18, 2388.6
18, 2531.2
21, 2531.3
30, 2531.7
11, 2531.9
12, 2532.1
4, 2532.4
1, 2533
13, 2533.5
3, 2533.7
5, 2533.8
14, 2534.2
26, 2534.2
20, 2534.3
31, 2534.3
19, 2535
22, 2535.2
23, 2535.4
17, 2535.6
9, 2535.7
2, 2535.9
18, 2535.9
11, 2536
24, 2536.1
30, 2536.3
10, 2536.4
15, 2536.7
4, 2536.8
21, 2537
27, 2537.1
29, 2537.2
6, 2537.3
1, 2537.7
12, 2538
28, 2538.2
20, 2538.9
13, 2539.6
25, 2539.6
8, 2540.3
18, 2540.4
31, 2540.5
2, 2541.6
14, 2541.6
3, 2541.9
5, 2541.9
11, 2541.9
19, 2542
26, 2542.2
22, 2542.9
4, 2543.1
23, 2543.4
30, 2543.4
20, 2543.8
12, 2544.1
21, 2544.2
9, 2544.3
17, 2544.3
15, 2544.5
18, 2544.8
24, 2544.9
27, 2545.1
1, 2545.2
10, 2545.3
29, 2546
6, 2546.7
13, 2546.8
31, 2546.8
22, 2546.9
30, 2547.1
14, 2547.2
2, 2547.8
0, 2547.9
23, 2548.4
3, 2548.8
20, 2549.4
11, 2549.5
4, 2549.8
16, 2550.7
18, 2550.8
8, 2550.9
19, 2550.9
1, 2551
12, 2551
5, 2551.1
26, 2551.2
21, 2551.4
27, 2552.2
28, 2552.4
30, 2552.8
9, 2553
3, 2555.7
31, 2556.8
10, 2557.6
13, 2557.7
24, 2557.9
11, 2558.2
20, 2558.9
17, 2559.2
18, 2559.7
2, 2560.2
9, 2561.2
1, 2561.4
22, 2562.3
26, 2562.4
12, 2562.6
14, 2563.1
30, 2563.4
8, 2563.6
21, 2565
23, 2565.6
15, 2566.7
27, 2566.9
31, 2567.3
16, 2567.7
4, 2568.2
13, 2569.2
0, 2569.6
3, 2569.8
11, 2570.6
30, 2573
31, 2573.9
19, 2574
13, 2574.5
14, 2574.6
6, 2575
15, 2575
18, 2575.5
21, 2575.5
23, 2575.8
3, 2576
20, 2576.9
26, 2577.4
22, 2579.5
27, 2579.6
30, 2580.2
31, 2580.6
11, 2581.4
12, 2583.3
3, 2583.4
13, 2583.7
23, 2583.8
14, 2584.6
15, 2584.6
21, 2585.7
1, 2586.9
2, 2587.4
4, 2587.5
6, 2588.9
30, 2589.4
9, 2590
31, 2591.6
18, 2591.9
10, 2592.5
11, 2593.2
26, 2593.2
3, 2593.8
20, 2595.4
27, 2595.9
23, 2596.5
30, 2597.6
31, 2598.2
22, 2598.4
19, 2600.4
21, 2601.2
29, 2601.6
26, 2601.8
14, 2603
11, 2603.3
3, 2603.7
30, 2604.2
31, 2604.7
12, 2604.8
13, 2607.1
27, 2607.2
23, 2608.4
18, 2608.8
4, 2609.4
5, 2609.6
3, 2611.5
11, 2611.9
1, 2612
15, 2612.2
30, 2612.2
21, 2612.4
20, 2613.3
31, 2613.5
26, 2614.8
12, 2616.8
2, 2617.5
18, 2617.9
9, 2618.1
21, 2618.4
27, 2618.4
11, 2619.3
28, 2619.8
13, 2620.1
24, 2620.1
22, 2620.3
30, 2620.5
4, 2620.6
17, 2621.3
23, 2621.5
3, 2621.6
14, 2621.9
1, 2622.4
8, 2623.4
31, 2623.5
20, 2625.3
5, 2625.8
26, 2626.4
25, 2627.3
19, 2627.5
9, 2629.2
10, 2631
21, 2632.7
30, 2633.9
18, 2634.1
12, 2637.2
11, 2638.3
17, 2639
4, 2642
20, 2642.6
6, 2644.3
9, 2646
22, 2646.3
15, 2647.5
3, 2647.7
13, 2647.8
1, 2648.9
26, 2649.4
18, 2649.6
2, 2649.9
4, 2650.6
21, 2651.8
11, 2652.2
14, 2652.2
17, 2652.4
30, 2652.6
31, 2653.4
8, 2654.7
3, 2656.8
12, 2657
1, 2657.5
9, 2657.7
18, 2657.8
17, 2657.9
20, 2659.5
4, 2659.9
23, 2660.2
2, 2660.7
11, 2661.3
21, 2661.8
26, 2664.7
30, 2672.4
27, 2673.3
18, 2678
19, 2678.4
13, 2680
21, 2683.1
31, 2683.3
3, 2683.5
12, 2684.3
20, 2685.4
11, 2686.8
18, 2687.1
14, 2689.4
22, 2689.6
9, 2689.9
17, 2691.3
1, 2691.6
4, 2692.2
30, 2692.4
21, 2693.9
18, 2694.7
12, 2694.9
8, 2695
15, 2695.4
5, 2698.2
13, 2698.7
30, 2699
23, 2699.2
10, 2699.3
31, 2699.6
11, 2699.8
20, 2699.9
21, 2699.9
26, 2700
1, 2702.3
24, 2702.3
3, 2702.4
9, 2703
4, 2704.6
17, 2704.7
14, 2704.9
2, 2705.5
18, 2706.6
22, 2706.6
19, 2707.5
6, 2708
12, 2709.4
11, 2710.3
28, 2711.1
25, 2711.8
13, 2712
27, 2712.6
3, 2713.2
26, 2714.7
29, 2716
5, 2716.6
12, 2719.5
30, 2721.1
21, 2722.5
2, 2723.3
31, 2724.2
19, 2726.2
18, 2729.8
4, 2732
30, 2732.1
21, 2732.4
12, 2732.5
11, 2734.3
2, 2735.6
31, 2735.8
18, 2740.4
20, 2741.4
4, 2741.9
21, 2744
30, 2744.4
1, 2745
3, 2745
19, 2745.9
23, 2749.1
14, 2750.1
31, 2751.1
11, 2752.7
13, 2753.3
12, 2753.6
3, 2756.6
2, 2757.1
9, 2761.2
26, 2761.9
12, 2763.8
3, 2764.8
11, 2764.8
18, 2766.4
19, 2766.9
2, 2768.8
21, 2770.5
30, 2770.7
15, 2771.3
22, 2772.2
4, 2773.4
31, 2774.9
18, 2776
12, 2776.2
11, 2776.6
2, 2776.7
21, 2780.3
3, 2780.7
1, 2780.8
5, 2780.8
20, 2781.1
13, 2781.2
30, 2782.2
19, 2782.6
24, 2783.1
17, 2783.3
26, 2783.7
14, 2784.7
27, 2785.5
4, 2786.1
18, 2786.1
31, 2787.2
10, 2787.8
23, 2788
9, 2788.1
8, 2789.9
25, 2790.1
11, 2790.5
28, 2794.4
6, 2796
17, 2796.2
12, 2797.7
4, 2798.3
13, 2799.4
26, 2799.5
18, 2800.3
5, 2801.8
19, 2803.1
21, 2804.1
1, 2807.8
11, 2808.3
18, 2809
20, 2809.8
9, 2809.9
12, 2810.3
17, 2814.3
8, 2815.6
4, 2816.4
21, 2816.8
13, 2818.3
22, 2819.1
3, 2820.2
5, 2820.5
30, 2821.6
1, 2822.1
11, 2823.3
18, 2823.7
14, 2825.5
9, 2825.9
12, 2828
21, 2832.1
24, 2833.4
26, 2836.1
18, 2839.5
20, 2840.6
17, 2844.5
2, 2848.3
31, 2855.6
4, 2857.7
11, 2862.9
30, 2873.2
18, 2875.8
25, 2879.1
12, 2879.5
21, 2887.2
13, 2888.6
3, 2898.2
19, 2906
4, 2910.9
11, 2911.1
26, 2915.6
18, 2917.1
30, 2934.5
21, 2934.6
31, 2936.9
1, 2938.6
21, 2950.1
30, 2951.9
12, 2960.3
31, 2967.4
18, 2978.1
11, 2993.3
4, 3037
21, 3045
