2, 98.2
14, 100
0, 100.1
44, 100.1
57, 100.3
45, 100.8
8, 101.1
28, 101.3
4, 101.4
56, 101.6
55, 101.9
17, 102.1
21, 102.3
39, 103.6
60, 103.6
2, 104.9
34, 105.1
48, 105.2
5, 105.7
47, 105.8
62, 105.8
29, 106
41, 106.4
14, 108.5
44, 108.6
57, 109.1
0, 109.5
8, 110.9
45, 111.8
18, 111.9
4, 112.5
28, 112.6
1, 113.1
56, 114
17, 114.5
16, 115.2
37, 122.7
21, 124
3, 124.2
16, 124.5
53, 126.6
36, 127.1
27, 127.9
3, 129.1
7, 129.1
48, 129.2
54, 129.3
13, 129.5
24, 131.6
52, 133.1
37, 133.2
16, 133.5
40, 136
3, 136.2
19, 136.2
32, 136.2
44, 136.3
61, 137.2
13, 137.4
60, 137.8
53, 137.9
48, 138.2
4, 138.6
25, 138.9
38, 139.6
16, 139.9
39, 141
54, 141.1
3, 141.3
52, 142.4
33, 143.2
40, 143.6
36, 144.4
13, 144.5
37, 144.9
60, 145.4
32, 145.8
47, 145.8
19, 146.1
3, 146.7
44, 146.9
26, 147.3
48, 147.5
55, 149
7, 150.1
61, 150.1
54, 151.2
16, 151.7
37, 157.3
49, 159.6
3, 193.8
13, 194.5
48, 194.8
53, 196
8, 196.7
44, 197.1
7, 198.5
3, 198.9
36, 199.1
25, 200.5
32, 201.6
13, 202.5
3, 202.7
48, 202.7
4, 202.8
7, 203.8
57, 204.1
9, 204.3
24, 206
8, 207.1
61, 209
38, 209.1
40, 209.5
36, 209.6
19, 209.7
3, 210.1
7, 210.2
53, 210.9
16, 212.3
13, 213.9
9, 215
32, 215.5
57, 215.6
48, 215.7
3, 216.6
25, 217.2
54, 217.8
7, 224.5
48, 274.5
44, 274.7
3, 275.1
13, 275.5
8, 278.8
53, 279.4
40, 279.5
36, 280.1
54, 280.1
3, 280.4
24, 280.9
37, 281.2
4, 281.3
7, 281.6
48, 282
32, 282.3
13, 282.5
25, 282.9
16, 283.5
61, 283.5
19, 283.7
40, 283.8
38, 284
44, 284.7
57, 284.8
54, 285
9, 285.1
3, 285.2
39, 285.7
37, 287
8, 288
60, 288.4
24, 288.5
36, 289.1
7, 289.2
40, 289.2
54, 289.9
32, 290.4
3, 291
37, 291.2
13, 292
4, 293.1
61, 293.1
48, 293.4
19, 293.7
40, 293.7
16, 293.9
25, 294.1
60, 294.2
24, 294.3
54, 294.3
38, 296.2
37, 297.4
57, 297.5
9, 297.6
7, 298.9
37, 305.1
7, 308.4
32, 335.5
44, 640.6
57, 641.9
8, 642
2, 642.8
4, 643
48, 644.1
14, 644.3
0, 644.9
60, 644.9
45, 645.2
44, 645.5
39, 645.6
28, 645.8
17, 646.6
56, 646.7
16, 646.9
55, 646.9
21, 647.2
57, 647.7
8, 647.9
2, 650.3
4, 650.6
47, 650.9
37, 651.3
29, 651.5
41, 651.7
62, 651.8
5, 652
34, 652.1
44, 652.3
14, 652.6
48, 653
7, 653.2
8, 655.9
53, 656.5
60, 657.5
0, 657.8
54, 657.9
3, 658.1
9, 658.2
57, 658.3
36, 658.7
32, 659
16, 659.3
61, 659.3
28, 659.7
45, 659.7
19, 660
37, 660
52, 660.2
24, 660.6
39, 660.7
4, 661.3
13, 661.5
7, 662.3
44, 662.3
48, 662.3
18, 662.5
53, 662.7
3, 663.1
40, 663.1
17, 663.3
38, 663.7
54, 664.5
25, 665.1
32, 665.1
13, 665.7
61, 666.6
3, 666.9
19, 666.9
60, 667
16, 667.7
53, 667.8
48, 667.9
39, 668.2
24, 668.5
40, 668.8
37, 669.1
36, 670
3, 670.5
32, 670.5
54, 670.5
25, 671.2
4, 672.1
13, 672.8
16, 672.8
40, 673.5
38, 673.6
7, 673.7
19, 674
3, 674.8
61, 674.8
54, 675.8
48, 675.9
37, 676.7
9, 677.2
39, 677.9
36, 679.6
52, 679.6
3, 679.9
60, 680
7, 681.5
37, 681.6
44, 681.6
16, 681.7
24, 681.8
40, 691.7
60, 704.6
55, 709.2
60, 712.8
0, 715
6, 715.2
47, 716
41, 716.1
55, 717.6
32, 717.7
19, 718.8
0, 720.4
10, 722.9
60, 723.1
48, 725.5
41, 726.1
55, 727.2
47, 727.3
0, 727.4
19, 728.6
13, 731.9
48, 732.3
3, 732.5
60, 732.8
41, 734.1
0, 734.9
43, 735
6, 735.1
47, 735.9
19, 736.3
26, 736.4
55, 736.8
3, 737.4
4, 738.1
44, 741.7
48, 742.5
19, 743.2
3, 744.1
7, 748.1
57, 750.9
3, 753.1
19, 759.4
7, 761.1
36, 787.4
8, 789.5
8, 802.2
36, 809.8
8, 812
3, 819.3
44, 819.3
48, 821.4
36, 823.3
37, 823.7
7, 824.5
3, 825.3
24, 825.4
13, 825.9
57, 826.5
25, 828.4
16, 828.9
37, 829
40, 829
9, 829.5
54, 829.8
48, 831.9
61, 833.4
7, 833.8
3, 834.6
40, 835.1
37, 835.3
24, 835.7
38, 836.7
54, 839.5
3, 840.8
32, 841.3
37, 845.1
40, 845.2
60, 847.1
48, 850.7
7, 851.3
37, 855.4
61, 855.9
60, 858.2
19, 858.8
7, 859.8
57, 860
37, 862
9, 865.8
60, 868.5
57, 869
13, 872.4
48, 874.9
37, 875.5
57, 884.1
7, 887
9, 889.6
57, 891
48, 893
37, 894.7
13, 896.8
7, 897.4
3, 900.3
37, 902.3
44, 905.1
3, 906.2
13, 906.3
48, 907.3
32, 911.9
40, 912
3, 914.2
16, 916.3
38, 918.5
44, 1265.1
57, 1265.3
8, 1265.6
4, 1265.7
0, 1265.9
60, 1266.7
55, 1267.4
48, 1267.8
2, 1268.2
39, 1268.8
14, 1269.3
44, 1269.8
45, 1269.9
57, 1270
47, 1270.1
28, 1270.3
8, 1270.5
16, 1270.5
41, 1270.6
0, 1271
4, 1271
17, 1271.8
56, 1272.5
21, 1273
60, 1273
37, 1274.1
19, 1274.2
55, 1274.3
7, 1275.4
9, 1275.5
48, 1275.5
61, 1275.6
44, 1276.8
2, 1277.4
54, 1277.4
5, 1277.5
8, 1277.5
57, 1277.6
14, 1278.8
4, 1279.4
53, 1280.1
29, 1280.6
62, 1280.7
0, 1280.8
39, 1282
36, 1282.8
16, 1283.2
3, 1283.3
34, 1283.6
52, 1283.9
32, 1284.2
37, 1284.2
28, 1284.4
24, 1284.9
48, 1285.8
54, 1285.9
13, 1286.6
53, 1286.6
38, 1287
45, 1287.1
7, 1288.1
44, 1289
3, 1289.2
40, 1289.2
61, 1291.3
19, 1291.6
13, 1291.9
25, 1291.9
54, 1292.9
48, 1293.9
4, 1294
32, 1294.2
60, 1294.4
3, 1294.9
16, 1294.9
24, 1295
37, 1295.3
36, 1296.5
40, 1297.1
39, 1297.6
54, 1299.4
13, 1299.6
3, 1299.9
16, 1300.2
53, 1300.7
48, 1301.7
9, 1302.2
19, 1302.3
7, 1302.5
38, 1303.1
37, 1303.5
40, 1304.6
36, 1304.9
3, 1305.2
44, 1307
7, 1309.7
32, 1309.8
37, 1310
16, 1311
60, 1312.6
48, 1322.7
13, 1328.9
55, 1329
32, 1330.3
48, 1331.1
60, 1332.6
55, 1335.2
6, 1335.8
27, 1338.8
41, 1339
13, 1340.4
47, 1341.4
60, 1342.5
55, 1345
48, 1346.5
60, 1349.2
10, 1349.7
41, 1349.9
47, 1351.2
55, 1351.7
6, 1351.8
39, 1352.6
48, 1354.7
19, 1356.9
41, 1357.1
3, 1358
60, 1358.4
47, 1360.8
17, 1362.3
3, 1362.6
57, 1362.9
27, 1363
44, 1363.3
4, 1364.7
19, 1365
16, 1368.3
3, 1371
7, 1371.3
41, 1371.4
44, 1371.4
57, 1373.1
19, 1378.4
9, 1379.5
7, 1381.5
0, 1430
3, 1443.9
44, 1443.9
8, 1445.6
48, 1445.9
36, 1447.5
24, 1448.7
3, 1449.4
7, 1449.5
25, 1449.6
37, 1449.6
13, 1449.8
57, 1450.6
40, 1450.9
54, 1451.5
9, 1451.8
44, 1453.2
8, 1454.2
3, 1454.4
37, 1455.5
61, 1455.5
48, 1456.5
24, 1456.6
7, 1456.7
36, 1456.7
40, 1456.9
54, 1459.7
57, 1460.1
32, 1460.3
37, 1460.3
25, 1461.5
3, 1461.6
7, 1464.5
9, 1469.3
37, 1469.8
57, 1472.6
60, 1476.3
37, 1477.1
7, 1478.2
60, 1483.6
37, 1484.7
60, 1492.3
7, 1499
48, 1505.7
48, 1510.8
13, 1511
37, 1511.5
0, 1512.2
7, 1512.5
32, 1516.1
48, 1516.5
13, 1517.3
37, 1517.7
3, 1519.2
7, 1521.5
3, 1524.1
37, 1525.2
44, 1528.5
48, 1529.1
3, 1530.3
13, 1537.2
61, 1538.9
40, 1539.1
19, 1540.2
16, 1543.2
0, 1606.6
0, 1654.6
55, 1655.4
14, 1659.6
28, 1660.7
57, 1662.2
44, 1664.5
13, 1677.9
48, 1678.4
44, 1680
3, 1681.6
13, 1685
53, 1685.3
48, 1686.6
3, 1687.6
44, 1687.6
52, 1687.7
13, 1690.4
53, 1693.1
48, 1695.2
3, 1697.6
44, 1698
52, 1698.3
13, 1699.3
53, 1699.6
48, 1703.8
0, 1890.3
57, 1891.3
44, 1891.4
8, 1891.6
55, 1891.9
4, 1892
14, 1892.7
28, 1893
60, 1893.1
39, 1893.4
48, 1894.2
47, 1894.5
0, 1895.1
41, 1895.9
45, 1896.4
17, 1897.2
57, 1897.3
21, 1897.4
44, 1897.9
8, 1898.1
2, 1898.5
55, 1898.8
4, 1899.6
16, 1899.8
7, 1900.2
14, 1900.3
28, 1902.1
0, 1903
44, 1904
48, 1904.4
56, 1905.2
3, 1905.8
57, 1906.1
61, 1906.1
8, 1906.3
19, 1906.4
60, 1906.4
52, 1906.5
39, 1907
37, 1907.3
53, 1907.8
9, 1908.8
13, 1908.9
16, 1909.4
3, 1909.6
44, 1909.9
36, 1911
48, 1911.2
52, 1911.9
7, 1912.5
54, 1912.9
53, 1913.5
3, 1913.7
13, 1914.1
24, 1914.3
32, 1915
40, 1916.4
38, 1916.9
48, 1917.7
3, 1918.5
25, 1919.3
39, 1920.1
13, 1920.2
37, 1920.4
54, 1920.9
53, 1921.1
16, 1921.2
4, 1921.4
19, 1921.4
61, 1921.8
40, 1922.5
24, 1922.9
32, 1924.1
3, 1925.6
7, 1927.4
54, 1927.5
60, 1927.5
48, 1927.8
13, 1928
44, 1928.1
36, 1928.3
16, 1928.8
37, 1929.1
3, 1931.7
7, 1935.1
40, 1937.1
37, 1937.9
55, 1952.6
32, 1953
60, 1953.3
60, 1959.2
55, 1961.2
6, 1964.4
10, 1967.1
47, 1967.1
55, 1968.7
60, 1969.5
33, 1971.1
41, 1971.9
47, 1974
32, 1975.3
55, 1975.5
6, 1976
60, 1976.7
41, 1977.3
47, 1978.9
19, 1979.9
0, 1980
41, 1983.9
3, 1984.2
47, 1984.2
4, 1984.8
60, 1985.3
44, 1986.3
33, 1986.4
55, 1988.3
19, 1989
3, 1989.5
47, 1992
48, 1992.4
7, 1992.9
8, 1993.7
44, 1994.6
36, 1995.8
4, 1996.1
3, 1997.6
57, 1998.3
19, 1999.1
9, 1999.4
7, 2002.9
57, 2020.2
7, 2035.8
57, 2039.5
37, 2040
9, 2040.3
57, 2047.9
9, 2050.3
7, 2054.8
0, 2055
57, 2057.7
7, 2063.4
28, 2064.1
37, 2064.8
9, 2066
14, 2067.6
48, 2068.4
3, 2070.8
13, 2072.2
44, 2074.9
36, 2076.2
3, 2076.6
40, 2077
54, 2077.4
48, 2077.5
8, 2077.8
37, 2078.1
13, 2080.7
61, 2081.3
25, 2081.5
40, 2083.1
24, 2085.3
54, 2085.9
16, 2090
3, 2090.7
38, 2096.9
44, 2104.2
37, 2107.4
60, 2107.8
48, 2109.4
3, 2112
13, 2118.3
60, 2118.5
48, 2126.6
37, 2132.3
0, 2133.8
14, 2136.7
28, 2136.8
32, 2139.7
3, 2140.4
44, 2141
37, 2142.4
48, 2142.6
3, 2145.4
37, 2147.3
13, 2147.7
44, 2148
8, 2148.2
32, 2150
36, 2151.4
48, 2152.3
7, 2152.6
3, 2152.8
37, 2154.9
40, 2156.7
54, 2157.2
61, 2159.6
19, 2159.9
7, 2160.7
40, 2163.5
54, 2164.5
7, 2178.2
8, 2179.6
7, 2186
8, 2190.2
36, 2193.2
7, 2193.9
0, 2280.2
14, 2280.8
28, 2283.2
55, 2284
13, 2301.1
48, 2301.2
53, 2302.5
52, 2306.5
13, 2307.7
44, 2307.8
3, 2307.9
48, 2308.4
53, 2309.7
52, 2313.8
13, 2314.6
3, 2315.6
44, 2316.4
48, 2317.7
53, 2318.3
13, 2319.9
53, 2327.5
3, 2328.7
44, 2330.2
0, 2515.3
14, 2515.6
28, 2516.3
60, 2517.7
44, 2518.5
57, 2518.5
39, 2518.6
4, 2518.8
55, 2518.9
41, 2519.3
8, 2519.4
0, 2520.2
14, 2520.8
45, 2521.6
28, 2521.8
47, 2522.8
48, 2522.8
17, 2522.9
21, 2523.2
44, 2526.4
7, 2526.5
57, 2527.1
0, 2527.4
60, 2527.9
8, 2528
14, 2528.1
4, 2528.7
55, 2528.7
39, 2530
48, 2530.7
28, 2531.5
3, 2532.2
44, 2532.5
52, 2532.8
53, 2533
41, 2533.4
13, 2533.7
16, 2535.1
3, 2535.8
54, 2536
48, 2536.2
37, 2536.5
44, 2537.7
53, 2537.7
36, 2537.8
52, 2537.8
13, 2538.5
61, 2538.9
19, 2539.4
7, 2539.5
32, 2539.5
3, 2539.7
40, 2540
24, 2540.4
4, 2540.6
16, 2541.7
54, 2541.7
39, 2542.1
48, 2542.2
8, 2542.3
17, 2542.4
38, 2542.6
13, 2543.3
53, 2543.3
25, 2544.5
37, 2544.8
3, 2545.1
60, 2546.4
36, 2547.5
40, 2547.8
9, 2548
24, 2548
7, 2548.6
32, 2549.9
16, 2550
54, 2550
19, 2550.2
61, 2550.5
3, 2553.6
37, 2553.8
48, 2555.9
40, 2556.1
7, 2558.3
13, 2561.9
37, 2561.9
3, 2563.2
55, 2580.2
60, 2582.2
32, 2583.6
6, 2588
55, 2589
60, 2592.2
55, 2594.5
41, 2597.4
60, 2598.6
6, 2598.8
47, 2599
10, 2599.4
55, 2601
32, 2601.3
41, 2602.9
47, 2606.4
60, 2606.7
41, 2610.8
3, 2611.6
48, 2617.6
55, 2619.5
3, 2620.3
7, 2621.6
57, 2622.8
9, 2626
36, 2628.2
7, 2630.8
57, 2644
16, 2645.9
38, 2650.5
16, 2651.2
57, 2653.8
9, 2655
16, 2658.1
7, 2659
37, 2659.8
38, 2661.1
48, 2691.9
3, 2694.3
7, 2694.6
13, 2694.9
44, 2697.7
54, 2699.2
40, 2699.3
48, 2699.5
25, 2699.7
24, 2699.9
3, 2700.1
37, 2700.6
61, 2703.8
8, 2704
19, 2704.3
36, 2704.3
13, 2704.5
40, 2704.5
54, 2705.1
3, 2706.3
7, 2707.3
37, 2707.7
24, 2711.1
37, 2722.6
48, 2724.6
48, 2733.7
13, 2734.3
60, 2734.7
60, 2741
32, 2757.8
0, 2759.5
14, 2759.5
28, 2760
37, 2760.6
32, 2765.9
3, 2767.5
37, 2769.3
3, 2773
60, 2773.5
48, 2774.2
57, 2774.9
44, 2775.1
32, 2775.2
24, 2776
13, 2776.5
37, 2777.2
8, 2778.4
7, 2779.7
36, 2780
3, 2780.3
60, 2781.2
9, 2783
24, 2783.5
57, 2783.5
61, 2784.3
19, 2784.8
40, 2785.4
7, 2788
48, 2789.5
54, 2791.1
13, 2791.3
9, 2799.3
7, 2800.7
44, 2804.1
57, 2806.6
14, 2807.9
0, 2809.2
7, 2811
28, 2812
44, 2813.7
7, 2827
14, 2903.7
0, 2904.5
28, 2905.9
55, 2906.4
13, 2929.2
48, 2929.6
13, 2935.8
48, 2936.9
13, 2942.2
48, 2945.9
13, 2948.1
14, 3137.4
44, 3137.4
0, 3137.5
57, 3137.6
4, 3137.8
8, 3137.8
28, 3137.9
55, 3138
60, 3138.3
39, 3138.8
48, 3139.2
41, 3139.3
47, 3139.5
14, 3140.8
0, 3141
17, 3141
44, 3141.1
45, 3141.2
57, 3141.2
8, 3141.3
28, 3141.5
16, 3141.6
4, 3141.7
55, 3141.9
60, 3142.6
2, 3142.7
39, 3142.9
48, 3143.2
61, 3143.2
47, 3143.3
14, 3143.4
9, 3143.6
41, 3143.6
54, 3143.7
57, 3143.7
0, 3143.9
37, 3143.9
44, 3143.9
8, 3144.2
19, 3144.2
21, 3144.3
7, 3144.5
4, 3144.6
28, 3144.6
52, 3144.7
17, 3144.9
55, 3145
45, 3145.6
16, 3145.8
53, 3146.1
60, 3146.1
14, 3146.2
38, 3146.3
56, 3146.4
57, 3146.4
39, 3146.7
6, 3146.8
27, 3146.9
44, 3146.9
0, 3147.1
48, 3147.1
32, 3147.2
47, 3147.4
8, 3147.7
41, 3147.7
54, 3147.7
2, 3148.1
4, 3148.1
28, 3148.2
36, 3148.3
61, 3148.3
9, 3148.4
37, 3148.7
55, 3149
62, 3149.5
57, 3149.6
7, 3149.7
10, 3149.7
14, 3149.8
19, 3149.8
60, 3149.9
17, 3150
52, 3150
29, 3150.6
5, 3150.7
44, 3151.3
34, 3151.5
21, 3151.9
39, 3151.9
53, 3152.1
48, 3152.3
26, 3152.4
45, 3152.4
0, 3152.8
4, 3152.8
6, 3153
28, 3153
47, 3153
54, 3153.5
41, 3154.3
8, 3154.7
27, 3155
57, 3155
24, 3155.1
7, 3155.3
16, 3156.1
61, 3156.2
60, 3156.4
14, 3156.6
37, 3156.6
32, 3156.8
12, 3159
40, 3160.9
0, 3197.2
14, 3197.5
28, 3197.7
57, 3199.9
44, 3201.1
55, 3202.6
0, 3219.7
14, 3219.7
28, 3220.3
57, 3221
48, 3221.2
44, 3221.4
55, 3222.3
4, 3223.7
60, 3223.7
14, 3223.9
0, 3224
8, 3224.3
39, 3224.6
28, 3224.8
41, 3225.6
57, 3225.9
47, 3226.7
48, 3226.9
44, 3227.5
45, 3227.5
55, 3230.5
14, 3232
0, 3270.1
14, 3270.5
28, 3270.7
57, 3270.7
44, 3271.5
55, 3272.9
4, 3273.2
60, 3273.8
48, 3274.8
0, 3299.2
14, 3299.3
44, 3299.5
57, 3299.5
28, 3299.8
8, 3299.9
4, 3300.2
55, 3300.4
39, 3300.8
60, 3301
48, 3301.3
41, 3301.4
47, 3302.2
14, 3303.1
17, 3303.2
0, 3303.3
45, 3303.4
57, 3303.5
44, 3303.8
16, 3304
28, 3304.3
8, 3304.7
4, 3305.1
55, 3305.3
39, 3306.5
48, 3306.7
60, 3307
61, 3307.6
41, 3308.2
14, 3308.6
19, 3308.7
57, 3309.1
0, 3309.9
47, 3309.9
54, 3310.5
37, 3313.5
17, 3313.8
44, 3314.6
14, 3349
28, 3349
0, 3349.2
55, 3350
57, 3350.1
4, 3353.7
48, 3353.9
44, 3355.1
14, 3379.2
0, 3379.4
28, 3379.7
57, 3379.7
8, 3380
55, 3380
44, 3380.1
4, 3380.3
60, 3380.6
39, 3380.8
41, 3381.5
48, 3381.8
47, 3382.1
14, 3383.2
45, 3383.2
0, 3383.4
57, 3383.7
28, 3383.9
55, 3384.3
44, 3384.5
8, 3384.8
17, 3384.8
16, 3384.9
4, 3385.2
60, 3385.8
39, 3386.1
61, 3386.9
41, 3387.9
48, 3387.9
19, 3388.6
47, 3388.7
14, 3389
57, 3389.4
54, 3389.7
0, 3390.2
21, 3391.5
28, 3392.6
55, 3397.5
14, 3430.2
0, 3430.7
44, 3431.2
28, 3431.3
57, 3432
4, 3432.1
60, 3435.2
48, 3436.7
14, 3472
0, 3472.2
44, 3472.2
8, 3472.3
57, 3472.5
4, 3472.7
55, 3472.7
28, 3472.8
39, 3474.1
60, 3474.6
48, 3475.6
41, 3475.8
47, 3477
45, 3479.1
17, 3480
14, 3483.7
44, 3525.1
0, 3525.2
8, 3525.3
14, 3525.4
57, 3525.4
4, 3525.6
28, 3525.8
55, 3525.8
39, 3527.2
60, 3527.2
48, 3528
41, 3528.5
47, 3529.1
16, 3530.8
44, 3530.9
0, 3531.1
14, 3531.2
8, 3531.3
57, 3531.3
17, 3531.7
4, 3532.6
55, 3533.3
28, 3533.7
45, 3533.7
2, 3534
0, 3762.6
44, 3762.6
8, 3762.9
4, 3763
28, 3763
55, 3763.1
57, 3763.1
60, 3763.5
47, 3763.6
48, 3764.1
14, 3764.3
39, 3764.7
21, 3765.4
0, 3766.2
44, 3766.2
8, 3766.7
41, 3766.7
45, 3766.8
28, 3766.9
57, 3766.9
4, 3767.1
55, 3767.2
47, 3767.9
60, 3767.9
2, 3768
48, 3768.3
14, 3768.4
39, 3768.7
61, 3768.7
44, 3769
9, 3769.1
37, 3769.1
0, 3769.2
38, 3769.5
54, 3769.5
7, 3769.6
8, 3769.7
57, 3769.7
17, 3770
4, 3770.1
21, 3770.1
52, 3770.1
28, 3770.2
55, 3770.4
41, 3771.2
47, 3771.3
60, 3771.5
45, 3771.6
53, 3771.7
56, 3771.7
14, 3772
35, 3772
44, 3772.3
48, 3772.3
49, 3772.3
0, 3772.5
27, 3772.6
57, 3772.7
6, 3772.9
32, 3772.9
39, 3773
2, 3773.2
8, 3773.2
16, 3773.4
4, 3773.6
37, 3773.6
61, 3773.8
28, 3774.1
54, 3774.1
55, 3774.3
9, 3774.4
7, 3774.9
60, 3775.4
47, 3775.5
10, 3775.7
38, 3776
17, 3776.2
21, 3776.2
52, 3776.3
36, 3776.4
62, 3776.8
57, 3777
48, 3777.1
14, 3777.2
41, 3777.3
44, 3777.6
53, 3777.8
0, 3778.4
5, 3779.1
4, 3779.2
28, 3780
7, 3780.5
45, 3781.8
6, 3782
60, 3782
37, 3782.7
61, 3782.7
27, 3783
39, 3783.4
34, 3783.8
8, 3784.1
0, 3822.9
28, 3823.5
55, 3824.3
44, 3828.8
48, 3831.7
0, 3844.8
57, 3845.4
28, 3845.5
44, 3846.2
55, 3847.5
48, 3848.1
47, 3848.4
14, 3848.5
8, 3848.9
0, 3849.3
4, 3849.8
60, 3849.8
57, 3849.9
28, 3850.1
21, 3851.1
44, 3852
39, 3853.3
55, 3855.3
45, 3856.4
48, 3859.4
47, 3860.2
57, 3863.7
0, 3895.1
28, 3895.8
4, 3897.3
60, 3897.9
55, 3898.4
44, 3901
0, 3924.2
28, 3924.8
44, 3924.9
4, 3925
57, 3925
8, 3925.1
55, 3925.4
48, 3925.5
47, 3925.8
60, 3925.8
14, 3926.2
39, 3926.7
0, 3928.1
41, 3928.5
21, 3928.9
45, 3928.9
28, 3929
44, 3929.3
57, 3929.4
4, 3929.6
8, 3930.2
48, 3930.4
55, 3930.6
47, 3930.9
60, 3931.4
14, 3932
61, 3932.4
39, 3933
0, 3933.9
38, 3934.8
57, 3935.1
54, 3935.4
17, 3936.7
28, 3939.2
4, 3942
0, 3974.7
44, 3975.1
55, 3975.1
28, 3976.1
48, 3977.6
44, 4004.4
0, 4004.6
57, 4004.7
8, 4005
55, 4005
4, 4005.1
47, 4005.1
28, 4005.4
60, 4006
48, 4006.6
14, 4006.8
39, 4007.1
41, 4008.6
44, 4008.6
0, 4008.9
21, 4008.9
45, 4009
57, 4009.1
55, 4009.2
4, 4009.6
8, 4009.6
47, 4009.6
28, 4009.9
60, 4011.6
61, 4011.7
48, 4012.5
14, 4012.9
39, 4013.6
37, 4013.9
57, 4014.4
54, 4014.8
44, 4015.2
9, 4015.7
47, 4016.9
0, 4018.8
4, 4018.9
55, 4019
2, 4019.7
38, 4020.1
28, 4055.2
0, 4055.3
44, 4097.1
0, 4097.4
28, 4097.8
4, 4097.9
8, 4097.9
55, 4097.9
60, 4098.5
48, 4099.2
57, 4100.1
14, 4100.3
47, 4106.1
44, 4150.1
0, 4150.3
8, 4150.4
4, 4150.6
28, 4150.8
55, 4150.8
60, 4151.7
57, 4152.2
48, 4152.4
14, 4152.5
47, 4154.9
44, 4156
0, 4156.7
39, 4156.7
8, 4156.8
4, 4157.9
28, 4158
55, 4158.5
57, 4163.8
44, 4387.1
8, 4387.9
28, 4388
55, 4388.1
57, 4388.1
0, 4388.5
39, 4388.5
60, 4388.5
47, 4389.1
48, 4389.1
14, 4389.2
44, 4390.5
4, 4391
9, 4391.1
41, 4391.3
8, 4391.5
45, 4391.5
57, 4391.7
28, 4391.9
55, 4392.2
0, 4392.7
2, 4392.8
21, 4392.8
39, 4392.8
60, 4393
44, 4393.1
56, 4393.1
14, 4393.2
27, 4393.2
16, 4393.3
48, 4393.3
47, 4393.5
61, 4393.7
37, 4394.2
38, 4394.4
57, 4394.4
8, 4394.5
7, 4394.6
17, 4394.7
54, 4394.7
9, 4394.9
28, 4395
52, 4395
4, 4395.1
55, 4395.4
41, 4395.9
44, 4396.1
45, 4396.1
39, 4396.3
0, 4396.4
31, 4396.5
35, 4396.7
60, 4396.7
49, 4396.8
20, 4396.9
47, 4396.9
53, 4396.9
14, 4397
48, 4397.1
57, 4397.4
34, 4397.7
6, 4397.8
27, 4397.8
8, 4398
56, 4398.2
2, 4398.3
32, 4398.3
16, 4398.4
15, 4398.5
28, 4398.6
21, 4398.7
37, 4398.7
61, 4398.8
4, 4399
7, 4399
54, 4399
29, 4399.2
55, 4399.3
44, 4399.5
9, 4399.7
58, 4400.2
39, 4400.4
52, 4400.4
17, 4400.5
60, 4400.6
62, 4400.8
38, 4400.9
47, 4401.4
41, 4401.7
48, 4401.7
0, 4401.8
14, 4402
5, 4402.1
57, 4402.1
19, 4402.2
53, 4402.7
45, 4403.5
25, 4403.6
28, 4403.6
26, 4403.8
7, 4404.2
6, 4404.3
20, 4404.3
8, 4404.4
27, 4404.6
37, 4405.2
4, 4405.3
61, 4405.3
40, 4405.4
24, 4406.4
44, 4407
54, 4407.3
21, 4407.7
49, 4407.9
47, 4408.4
60, 4408.4
34, 4408.5
32, 4408.7
35, 4410.2
13, 4413.3
7, 4414.1
62, 4414.8
28, 4448.3
55, 4451.5
44, 4470
28, 4471.3
57, 4471.6
48, 4472.3
55, 4472.5
0, 4473
39, 4473
60, 4473.8
44, 4474.4
14, 4474.9
47, 4475.9
28, 4476.4
8, 4476.7
57, 4476.9
45, 4478.4
48, 4479.2
44, 4484.6
0, 4489.3
28, 4520.8
55, 4521.6
60, 4522.4
57, 4522.6
44, 4523.2
48, 4533.8
44, 4548.7
39, 4549.6
57, 4549.8
28, 4549.9
8, 4550
55, 4550
0, 4550.6
60, 4550.8
14, 4551.2
47, 4551.6
48, 4551.8
44, 4552.5
41, 4552.9
45, 4553.3
4, 4553.7
57, 4553.9
39, 4554
28, 4554.2
55, 4554.5
9, 4554.7
8, 4555
0, 4555.8
60, 4556.6
14, 4556.9
16, 4557.2
44, 4557.3
47, 4557.3
21, 4557.4
27, 4557.4
61, 4557.4
38, 4557.9
48, 4558.6
56, 4559.7
57, 4559.9
17, 4560.4
39, 4561.1
54, 4562.2
28, 4565.4
45, 4568.4
55, 4599.6
28, 4600.3
44, 4601.4
57, 4603.3
0, 4604.1
8, 4607.4
44, 4628.5
55, 4629.8
28, 4630.1
39, 4630.1
8, 4630.3
57, 4630.4
60, 4630.5
47, 4630.8
48, 4631
0, 4631.1
14, 4631.4
44, 4632.4
41, 4632.9
4, 4633.3
55, 4633.9
45, 4634.3
28, 4634.4
9, 4634.6
39, 4634.7
57, 4634.7
8, 4635
47, 4635.7
60, 4635.8
48, 4636.2
27, 4636.4
0, 4636.6
61, 4636.7
44, 4636.8
16, 4636.9
14, 4637.1
2, 4637.2
21, 4637.8
37, 4638.4
56, 4639.5
38, 4640.1
54, 4640.6
55, 4641.9
17, 4642
7, 4642.6
39, 4643.1
20, 4643.3
4, 4644.1
57, 4644.1
47, 4645.3
41, 4646.1
60, 4646.6
48, 4652.6
28, 4679.8
44, 4681.2
55, 4683
0, 4683.2
57, 4684
8, 4684.3
44, 4722
28, 4722.3
8, 4722.6
55, 4723.2
57, 4723.6
0, 4723.7
14, 4724
60, 4724
48, 4724.5
39, 4728.4
45, 4738.3
44, 4775.1
8, 4775.4
28, 4775.6
55, 4776
0, 4776.4
60, 4776.9
14, 4777.2
48, 4777.5
57, 4777.7
4, 4779.1
44, 4781.2
8, 4781.9
28, 4782.4
55, 4785.1
2, 4785.9
44, 5011.9
57, 5013.1
39, 5013.3
60, 5013.4
8, 5013.7
47, 5013.8
28, 5014.2
44, 5014.9
55, 5015
0, 5015.2
7, 5015.2
4, 5015.7
41, 5016
45, 5016.6
57, 5016.8
39, 5017.6
44, 5017.7
27, 5017.8
60, 5017.8
2, 5018
8, 5018
47, 5018
16, 5018.1
21, 5018.1
28, 5018.3
61, 5018.3
55, 5019.2
0, 5019.4
37, 5019.6
57, 5019.7
4, 5019.8
7, 5019.8
17, 5019.8
52, 5019.8
41, 5020.4
44, 5020.4
14, 5020.8
48, 5020.9
5, 5021.2
20, 5021.2
31, 5021.3
39, 5021.3
45, 5021.3
60, 5021.5
8, 5021.7
47, 5021.7
34, 5022
56, 5022
35, 5022.1
53, 5022.2
27, 5022.4
28, 5022.4
6, 5022.6
49, 5022.7
57, 5023
44, 5023.5
61, 5023.5
2, 5023.6
16, 5023.7
29, 5023.9
55, 5023.9
15, 5024.1
4, 5024.2
1, 5024.4
37, 5024.4
62, 5024.5
21, 5024.6
7, 5024.7
0, 5025.3
39, 5025.4
60, 5025.4
52, 5025.5
9, 5025.8
41, 5025.9
17, 5026
47, 5026.3
8, 5026.7
14, 5027
28, 5027.4
54, 5027.4
48, 5027.6
53, 5027.7
5, 5028
19, 5028
57, 5028.2
26, 5028.3
44, 5028.3
45, 5028.3
20, 5028.4
27, 5028.5
6, 5029
13, 5029.2
61, 5029.2
7, 5029.5
36, 5029.7
31, 5029.9
34, 5030.2
25, 5030.8
24, 5030.9
40, 5030.9
4, 5031.3
60, 5032.1
47, 5033.1
35, 5033.7
21, 5034.4
37, 5037.1
7, 5038.5
62, 5039.1
44, 5074.1
57, 5078.5
44, 5094.1
57, 5097
28, 5097.3
60, 5098
39, 5098.1
44, 5098.6
47, 5099.8
55, 5100.6
0, 5101.1
57, 5102.6
45, 5103.2
28, 5103.8
44, 5104.9
8, 5105.1
7, 5108.4
41, 5109.9
44, 5145.7
60, 5146.4
57, 5147.3
39, 5147.6
28, 5150.5
44, 5173.1
57, 5175.1
39, 5175.3
60, 5175.3
47, 5175.8
28, 5176.7
8, 5176.8
44, 5176.8
55, 5176.8
0, 5177.5
45, 5178.2
41, 5178.4
4, 5178.5
7, 5179
57, 5179.6
39, 5180.1
60, 5180.5
27, 5181
44, 5181
47, 5181.1
61, 5181.3
21, 5181.5
16, 5181.6
28, 5183.4
55, 5184
8, 5184.4
48, 5185.1
17, 5185.6
37, 5187.2
2, 5187.4
57, 5189.6
45, 5190.9
60, 5192.4
44, 5223.4
47, 5226.7
28, 5227.5
39, 5227.8
57, 5227.8
44, 5252.8
57, 5255.4
60, 5255.7
8, 5255.9
39, 5255.9
47, 5256.1
55, 5256.6
0, 5256.7
28, 5256.7
44, 5256.8
7, 5257
4, 5257.7
41, 5257.9
45, 5259.2
27, 5259.7
57, 5259.7
61, 5260.3
44, 5260.6
21, 5260.7
60, 5261
8, 5261.2
39, 5261.3
47, 5261.4
16, 5261.8
28, 5262.3
55, 5262.5
0, 5263
7, 5263.2
2, 5263.7
20, 5264
14, 5264.3
37, 5264.6
48, 5264.7
5, 5265.8
4, 5266
17, 5267.1
34, 5268
44, 5268.6
57, 5269.2
27, 5271.4
41, 5271.4
6, 5271.8
44, 5305.2
57, 5308.7
39, 5310.1
28, 5310.3
60, 5310.4
47, 5310.6
44, 5346.8
57, 5348.1
60, 5349.2
39, 5349.6
28, 5350
55, 5350.1
47, 5350.6
0, 5351.6
44, 5356
45, 5357.1
41, 5361.2
44, 5400.6
57, 5400.9
60, 5401.8
28, 5402.5
8, 5403.1
55, 5403.4
0, 5404.2
4, 5404.2
39, 5404.6
57, 5408.5
44, 5409.7
41, 5410.4
21, 5410.5
45, 5412.4
61, 5412.9
44, 5636.9
57, 5638.1
39, 5638.4
47, 5638.8
41, 5639.1
44, 5639.9
55, 5639.9
7, 5640.1
0, 5640.2
4, 5640.7
57, 5641.9
44, 5642.7
39, 5642.8
16, 5643.2
47, 5643.2
21, 5643.3
41, 5643.6
61, 5643.6
8, 5643.8
55, 5644.1
2, 5644.4
7, 5644.4
0, 5644.5
28, 5644.5
37, 5644.6
60, 5644.7
57, 5644.8
4, 5645
17, 5645
52, 5645
44, 5645.3
24, 5645.7
14, 5645.8
48, 5646
27, 5646.1
5, 5646.2
31, 5646.4
39, 5646.7
20, 5646.9
45, 5646.9
47, 5647.2
53, 5647.5
6, 5648.2
41, 5648.2
57, 5648.3
35, 5648.4
44, 5648.4
16, 5648.7
61, 5648.8
55, 5649
7, 5649.6
49, 5649.7
21, 5649.8
15, 5650
60, 5650
0, 5650.1
4, 5650.2
37, 5650.3
54, 5650.4
8, 5650.5
29, 5650.8
39, 5651
28, 5651.1
62, 5651.3
9, 5651.4
17, 5651.5
27, 5651.6
14, 5651.7
2, 5651.9
47, 5651.9
52, 5652
46, 5652.4
48, 5652.7
53, 5652.8
56, 5652.8
41, 5653.1
5, 5653.3
31, 5653.3
34, 5653.4
44, 5653.4
57, 5653.8
6, 5654.1
20, 5654.3
26, 5654.5
25, 5655.1
24, 5655.8
45, 5655.8
7, 5656
60, 5656
61, 5656.4
36, 5658.6
13, 5658.8
47, 5658.8
54, 5659
35, 5659.1
40, 5659.6
21, 5660
19, 5660.1
28, 5660.3
7, 5662.9
44, 5696.7
57, 5701
44, 5718.3
57, 5720.9
39, 5722.2
44, 5722.6
41, 5723.2
47, 5725.4
57, 5725.5
0, 5725.6
44, 5726.7
55, 5727.3
7, 5731.3
39, 5732.5
44, 5768.9
57, 5771.1
39, 5773.9
47, 5774.5
44, 5797.8
57, 5799.8
41, 5800.6
39, 5800.9
44, 5801.3
47, 5801.4
55, 5801.6
0, 5802.1
4, 5802.7
7, 5803.4
57, 5803.8
16, 5805.1
44, 5805.3
61, 5805.6
21, 5805.7
41, 5805.8
39, 5806.7
28, 5806.8
60, 5807.3
47, 5807.5
37, 5808.2
55, 5808.2
48, 5810.1
24, 5810.2
57, 5810.4
17, 5810.5
45, 5810.6
0, 5811.5
44, 5813.9
4, 5814.1
44, 5848
57, 5851.3
39, 5854.5
44, 5878.1
57, 5880.3
41, 5880.4
47, 5880.9
39, 5881.1
44, 5881.9
55, 5882
0, 5882.4
7, 5882.4
4, 5884.6
57, 5884.6
41, 5885.4
21, 5885.8
61, 5886
44, 5886.1
47, 5886.2
28, 5886.7
39, 5886.8
16, 5887.4
60, 5888.3
55, 5888.9
7, 5890.1
14, 5890.2
27, 5891.3
0, 5891.5
20, 5891.5
57, 5895.3
48, 5897.8
45, 5901
44, 5928.4
47, 5931.9
39, 5932.6
57, 5936.1
44, 5970.9
57, 5973.2
39, 5973.7
47, 5974.1
55, 5974.9
44, 5976.3
4, 5977.1
0, 5977.5
7, 5979.5
41, 5984.6
44, 6024.8
57, 6025.9
39, 6026.8
47, 6027.5
55, 6028.4
0, 6029.9
44, 6030
4, 6030.4
57, 6032.7
21, 6034.9
41, 6035.4
61, 6037
44, 6262.7
57, 6263.1
41, 6264
55, 6264.9
7, 6265.2
39, 6265.2
28, 6265.7
4, 6265.9
44, 6266.4
60, 6266.5
57, 6267
47, 6267.3
48, 6267.5
20, 6268
16, 6268.2
21, 6268.3
41, 6268.4
8, 6268.6
61, 6268.6
55, 6269.1
44, 6269.2
2, 6269.6
7, 6269.6
39, 6269.6
37, 6269.7
57, 6269.8
28, 6270.1
4, 6270.4
24, 6270.5
29, 6270.7
60, 6271.1
27, 6271.3
31, 6271.9
47, 6271.9
0, 6272.2
48, 6272.3
41, 6272.5
44, 6272.5
35, 6273
57, 6273
20, 6273.1
26, 6273.4
6, 6273.9
55, 6274
8, 6274.1
16, 6274.2
61, 6274.2
39, 6274.3
49, 6274.4
21, 6274.6
7, 6274.8
37, 6274.8
15, 6274.9
28, 6275
54, 6275.1
4, 6275.2
13, 6275.6
60, 6275.7
29, 6276.2
2, 6276.4
27, 6276.6
62, 6276.6
46, 6276.8
25, 6276.9
44, 6277
47, 6277.3
34, 6277.6
56, 6278
5, 6278.3
17, 6278.3
19, 6278.4
57, 6278.4
41, 6278.5
48, 6278.7
26, 6279.9
31, 6280.4
9, 6281.2
39, 6281.2
24, 6282.2
28, 6282.4
20, 6282.7
7, 6282.8
6, 6283.8
35, 6284.6
47, 6286.8
54, 6287
40, 6287.5
61, 6287.6
3, 6288.7
13, 6288.8
4, 6291.4
45, 6297.1
44, 6323.3
57, 6323.5
44, 6345.4
57, 6345.9
41, 6348
44, 6349.9
28, 6350
55, 6350.5
57, 6350.8
7, 6350.9
60, 6351.6
39, 6352
21, 6356
48, 6356.6
16, 6357.5
44, 6395.5
57, 6395.8
41, 6400.5
44, 6424.2
57, 6424.7
41, 6426.4
39, 6427
55, 6427.2
7, 6427.7
28, 6427.9
44, 6428
60, 6428.1
4, 6428.3
57, 6428.6
47, 6430.8
20, 6431.3
21, 6431.3
48, 6431.3
16, 6432
41, 6432.6
61, 6432.7
24, 6433.6
44, 6433.6
37, 6433.9
57, 6434.4
39, 6434.9
28, 6435.9
55, 6436.6
60, 6437.9
7, 6439.5
2, 6445
44, 6474.7
57, 6475.5
4, 6486.4
44, 6504.5
57, 6505.1
41, 6506
39, 6506.9
55, 6507
7, 6507.9
28, 6507.9
60, 6508.2
4, 6508.3
44, 6508.6
47, 6508.9
48, 6509.2
57, 6509.2
20, 6510
21, 6511
61, 6511.1
41, 6511.6
16, 6511.9
8, 6513.1
55, 6513.3
39, 6513.8
0, 6514.5
44, 6514.8
28, 6515.1
57, 6515.4
27, 6515.6
24, 6515.7
37, 6516.3
2, 6517.8
60, 6518
7, 6518.7
4, 6519.1
31, 6519.5
29, 6519.8
47, 6521.4
48, 6524
26, 6532.1
44, 6556.1
57, 6557.5
44, 6597.2
57, 6598
41, 6599.6
55, 6601.1
39, 6601.6
7, 6604.2
44, 6650.3
57, 6650.9
55, 6653.6
4, 6654.5
39, 6654.9
7, 6656.3
44, 6656.4
57, 6658.1
21, 6660.3
41, 6660.7
44, 6887.7
57, 6888.1
41, 6889
7, 6890.2
39, 6890.2
28, 6890.4
4, 6890.9
44, 6891.4
60, 6891.5
47, 6891.9
57, 6892
20, 6892.9
16, 6893.2
8, 6893.3
41, 6893.4
61, 6893.4
5, 6893.9
15, 6894.2
44, 6894.2
7, 6894.4
55, 6894.5
28, 6894.6
39, 6894.6
57, 6894.8
29, 6895
24, 6895.2
4, 6895.3
60, 6896
17, 6896.2
27, 6896.3
31, 6896.4
13, 6896.7
21, 6896.8
47, 6896.8
25, 6897.5
41, 6897.7
44, 6897.7
20, 6897.8
30, 6897.8
57, 6898.2
8, 6898.3
26, 6898.3
35, 6898.3
61, 6899
16, 6899.1
5, 6899.3
39, 6899.4
28, 6899.7
7, 6900.1
54, 6900.1
2, 6900.3
15, 6900.5
1, 6900.6
29, 6900.6
4, 6901.2
13, 6901.4
47, 6901.4
55, 6901.5
60, 6901.5
17, 6902.1
41, 6902.2
46, 6902.5
19, 6902.6
31, 6902.6
36, 6902.7
27, 6903
44, 6903
34, 6903.4
57, 6903.6
24, 6903.9
25, 6904.1
26, 6904.4
49, 6905
9, 6906
21, 6906.1
39, 6906.2
40, 6907.1
61, 6907.3
28, 6907.4
7, 6908.1
30, 6908.3
59, 6908.5
35, 6911.4
47, 6912.9
13, 6914
57, 6949.5
44, 6950.3
44, 6970.4
57, 6970.7
41, 6973.2
28, 6974.6
7, 6975.1
44, 6975.1
57, 6975.3
39, 6976.2
60, 6977.2
44, 7020.6
57, 7020.7
41, 7025
44, 7049.3
57, 7049.6
41, 7051.5
39, 7051.9
7, 7052.1
4, 7052.2
28, 7052.2
60, 7052.8
44, 7053.2
57, 7053.5
47, 7054.2
20, 7054.3
16, 7055.2
61, 7056.2
24, 7057.4
5, 7057.5
55, 7058
41, 7058.7
8, 7059
28, 7059.1
39, 7059.2
44, 7059.3
57, 7059.6
4, 7061.2
7, 7061.7
15, 7061.7
60, 7062.2
17, 7064
13, 7067.1
44, 7099.9
57, 7100.4
41, 7103.6
44, 7129.6
57, 7130
41, 7131.7
39, 7131.9
28, 7132.6
7, 7132.7
4, 7132.8
47, 7132.8
44, 7133.7
20, 7133.9
60, 7133.9
57, 7134.1
61, 7134.8
55, 7135.8
5, 7136
16, 7136.4
27, 7137.8
41, 7138.1
39, 7138.7
24, 7140.6
28, 7140.6
44, 7140.7
21, 7140.9
57, 7141
47, 7141.5
4, 7142.4
8, 7142.7
13, 7143.1
7, 7144.5
25, 7147.2
20, 7147.3
17, 7148
26, 7149.2
44, 7181.5
57, 7182.4
44, 7222.3
57, 7222.9
41, 7224.1
39, 7226.4
28, 7227.7
7, 7228
4, 7229.4
60, 7232.6
44, 7275.3
57, 7275.7
41, 7277.5
39, 7279.8
7, 7280.1
4, 7281.7
44, 7281.7
57, 7282
61, 7287.8
57, 7512.5
44, 7512.6
7, 7513.8
41, 7514
39, 7515.2
28, 7515.4
55, 7515.6
57, 7515.8
4, 7515.9
44, 7516.3
60, 7516.4
24, 7516.5
47, 7516.8
17, 7517.9
20, 7517.9
7, 7518.1
16, 7518.2
8, 7518.3
41, 7518.4
57, 7518.5
5, 7518.6
61, 7518.6
1, 7518.7
44, 7519.1
39, 7519.5
28, 7519.6
9, 7519.7
55, 7519.8
29, 7519.9
49, 7519.9
4, 7520.4
59, 7520.8
60, 7520.9
13, 7521.1
31, 7521.1
24, 7521.2
27, 7521.2
57, 7521.3
21, 7521.5
47, 7521.5
25, 7521.8
7, 7521.9
30, 7522.1
41, 7522.4
17, 7522.5
19, 7522.5
44, 7522.5
15, 7522.7
26, 7523
20, 7523.1
35, 7523.1
8, 7523.7
16, 7523.9
39, 7524
5, 7524.2
61, 7524.4
2, 7524.5
28, 7524.6
54, 7524.7
9, 7524.8
57, 7524.9
60, 7525.3
13, 7525.5
29, 7525.5
55, 7525.5
4, 7525.6
1, 7525.7
47, 7526.2
7, 7526.6
46, 7526.6
49, 7526.6
36, 7526.7
27, 7527.2
41, 7527.3
40, 7527.9
31, 7528.1
44, 7528.1
56, 7528.2
17, 7528.4
26, 7528.4
24, 7528.5
25, 7528.6
39, 7529.2
21, 7529.5
19, 7529.7
30, 7529.8
18, 7530
57, 7530.3
59, 7530.7
53, 7530.9
48, 7531.3
28, 7531.9
60, 7532
47, 7532.8
7, 7532.9
61, 7533.8
13, 7534.8
34, 7535
45, 7535.1
3, 7535.5
54, 7535.5
14, 7543
37, 7543
44, 7575.8
57, 7594
44, 7596.6
7, 7597.3
57, 7598.1
28, 7599.6
41, 7599.6
44, 7602.9
57, 7603.4
7, 7604.5
44, 7645.9
57, 7646.2
57, 7674.1
44, 7675.2
7, 7675.7
41, 7675.8
39, 7676.9
28, 7677.2
60, 7677.8
57, 7678.1
4, 7678.2
55, 7678.4
44, 7679.9
20, 7680
47, 7680.3
24, 7680.5
7, 7680.9
17, 7681.4
41, 7681.7
49, 7683
61, 7683
57, 7683.1
39, 7684.7
28, 7684.8
5, 7685
16, 7686.6
60, 7691.5
44, 7723.9
57, 7724.8
41, 7725.4
39, 7728.9
57, 7753.9
44, 7754.6
7, 7756
41, 7756
55, 7756.5
4, 7756.8
39, 7757.5
47, 7757.9
57, 7757.9
28, 7758
60, 7758
24, 7758.1
44, 7758.7
20, 7758.9
5, 7759.9
17, 7760
61, 7760.1
7, 7761.5
41, 7761.5
16, 7761.8
55, 7762.2
57, 7762.6
27, 7762.9
59, 7763.2
4, 7763.3
13, 7763.6
39, 7765
44, 7765.3
25, 7765.6
19, 7765.9
8, 7767.5
28, 7767.6
47, 7767.9
60, 7768.2
26, 7769.1
31, 7770
17, 7770.4
49, 7770.4
24, 7771.4
9, 7771.5
20, 7772.6
44, 7805.8
57, 7807.1
41, 7812.9
44, 7847.1
57, 7847.7
41, 7850.4
28, 7851.9
7, 7852.5
39, 7852.5
4, 7852.7
44, 7900.1
57, 7900.7
41, 7902.8
7, 7905
28, 7905
39, 7905
4, 7905.6
60, 7905.6
44, 7906
47, 7906.1
57, 7907.2
20, 7910.3
61, 7912.6
16, 7915.3
8, 7917.2
57, 8137.4
7, 8137.8
44, 8138.1
55, 8140.5
4, 8140.8
57, 8140.9
24, 8141.4
7, 8141.7
5, 8141.8
47, 8142
44, 8142.3
17, 8142.8
16, 8143.4
1, 8143.5
8, 8143.5
57, 8143.6
9, 8144.4
49, 8144.7
55, 8144.7
7, 8144.8
29, 8144.9
4, 8145.2
44, 8145.4
2, 8145.5
28, 8145.6
46, 8145.8
24, 8146
13, 8146.1
27, 8146.1
41, 8146.1
31, 8146.2
5, 8146.3
57, 8146.5
47, 8146.7
20, 8147.1
25, 8147.2
17, 8147.4
30, 8147.8
19, 8148.3
7, 8148.6
48, 8148.7
35, 8148.9
26, 8149
15, 8149.1
59, 8149.3
16, 8149.5
39, 8149.7
44, 8149.7
8, 8150.2
9, 8150.4
57, 8150.4
1, 8150.8
55, 8150.9
4, 8151.1
13, 8151.2
53, 8151.3
47, 8151.4
5, 8152
60, 8152.1
41, 8152.2
29, 8152.4
36, 8152.5
49, 8152.7
24, 8153
54, 8153.2
7, 8153.3
17, 8153.4
27, 8153.5
46, 8153.6
2, 8153.8
28, 8153.8
40, 8153.8
31, 8154.4
26, 8154.6
39, 8155.3
25, 8155.4
48, 8156
19, 8156.2
44, 8156.5
57, 8156.5
30, 8156.7
3, 8158.2
53, 8158.6
47, 8158.7
60, 8159
4, 8159.8
58, 8160.7
7, 8161.1
45, 8163
21, 8163.9
13, 8165.8
57, 8198.1
57, 8219.4
7, 8219.7
44, 8222.1
57, 8223.9
7, 8224.2
55, 8228.2
44, 8228.8
57, 8230
7, 8232.2
57, 8270.7
57, 8298.9
7, 8299.5
44, 8299.8
57, 8302.5
55, 8302.9
4, 8303.2
24, 8303.6
7, 8303.8
47, 8304.1
44, 8304.2
17, 8305
5, 8305.1
16, 8305.7
57, 8307.6
41, 8310.5
7, 8310.9
49, 8312.1
28, 8312.4
44, 8313.4
57, 8348.8
55, 8354.6
57, 8378.8
7, 8379.2
44, 8380.1
4, 8381.9
57, 8382.7
5, 8382.8
47, 8382.9
55, 8383
7, 8383.5
24, 8383.5
17, 8384.5
44, 8384.7
16, 8387.2
27, 8387.4
46, 8387.4
20, 8387.6
57, 8387.6
41, 8388.6
13, 8388.9
4, 8389
7, 8389.5
5, 8390.1
48, 8391
19, 8391.3
47, 8392.2
2, 8392.4
9, 8393.1
28, 8394.6
39, 8395.2
17, 8395.4
26, 8395.5
55, 8396.3
53, 8399
25, 8400.7
57, 8428.9
44, 8432.5
7, 8440.8
57, 8471.6
44, 8473.7
7, 8476.6
4, 8477.3
57, 8477.3
24, 8479.4
57, 8526
44, 8526.5
4, 8530.6
47, 8531.4
8, 8532.8
57, 8533
16, 8536.3
7, 8538.8
57, 8763.9
44, 8764
7, 8764.1
55, 8765.6
5, 8766.8
47, 8767.1
57, 8767.9
1, 8768
44, 8768.1
7, 8768.3
24, 8768.4
9, 8768.8
36, 8768.8
17, 8769.3
28, 8769.4
29, 8769.6
46, 8769.7
26, 8769.8
49, 8769.8
55, 8769.8
41, 8770.7
5, 8771.6
57, 8771.7
13, 8771.8
30, 8771.8
20, 8772
47, 8772
7, 8772.2
44, 8772.2
25, 8772.5
19, 8773
15, 8773.1
48, 8773.3
59, 8773.4
24, 8774
1, 8774.1
2, 8774.2
36, 8774.2
17, 8774.3
9, 8774.7
39, 8774.7
4, 8774.9
26, 8775.2
57, 8775.4
28, 8775.5
41, 8775.9
55, 8775.9
7, 8776.5
13, 8776.5
53, 8776.6
47, 8777
44, 8777.4
29, 8777.7
42, 8777.9
49, 8778.2
46, 8778.5
3, 8778.9
30, 8778.9
5, 8779
35, 8779
54, 8779.1
40, 8779.3
60, 8779.4
25, 8780
27, 8780.4
19, 8780.5
39, 8780.7
24, 8781.1
57, 8781.5
18, 8782.1
26, 8782.1
36, 8783
20, 8783.1
53, 8783.2
7, 8783.3
17, 8783.4
41, 8784
4, 8784.2
38, 8784.2
45, 8784.5
48, 8785.6
60, 8787.3
28, 8787.7
3, 8787.9
32, 8788.1
58, 8789.4
57, 8848.3
7, 8848.4
44, 8849.3
55, 8856.3
7, 8858.5
57, 8897.2
7, 8925.8
44, 8925.8
57, 8925.8
55, 8928
47, 8928.7
5, 8929.5
7, 8930.5
24, 8931
57, 8931.1
44, 8931.4
49, 8931.6
1, 8931.8
28, 8931.8
17, 8934
9, 8934.7
36, 8935.4
26, 8937.3
7, 8940.9
46, 8943
57, 8977.2
44, 8978
55, 8979.2
57, 9006
7, 9006.2
44, 9006.4
47, 9007.7
5, 9007.8
55, 9007.9
24, 9010.3
17, 9010.9
1, 9011
57, 9011.2
41, 9011.3
7, 9011.7
26, 9012.1
36, 9012.3
44, 9012.5
28, 9013
20, 9013.2
9, 9013.3
29, 9013.4
13, 9013.9
19, 9013.9
49, 9014.1
30, 9014.2
46, 9014.2
48, 9015.2
5, 9016.3
47, 9016.6
25, 9019.7
4, 9019.9
55, 9019.9
17, 9021.1
26, 9023.7
39, 9024.4
53, 9025.3
41, 9025.6
3, 9027.9
57, 9058
57, 9098.9
44, 9099.4
7, 9101.5
55, 9104.5
57, 9151.9
44, 9154.4
55, 9156.8
47, 9156.9
1, 9158.4
57, 9166.7
7, 9389
57, 9390.2
17, 9390.6
44, 9390.9
41, 9391.5
5, 9392
47, 9392.4
48, 9392.5
26, 9393
24, 9393.2
1, 9393.3
7, 9393.3
36, 9393.5
9, 9394
28, 9394.5
57, 9394.6
29, 9394.7
18, 9394.9
49, 9394.9
17, 9395
46, 9395.1
44, 9395.4
3, 9396
41, 9396.2
5, 9396.7
30, 9396.8
54, 9397
7, 9397.1
20, 9397.3
13, 9397.4
26, 9397.6
47, 9397.6
59, 9397.6
25, 9397.7
48, 9397.7
15, 9397.8
36, 9398.2
24, 9398.3
57, 9398.7
39, 9398.9
19, 9399
1, 9399.1
9, 9399.6
17, 9399.7
28, 9400.4
44, 9400.4
41, 9401
3, 9401.1
18, 9401.2
53, 9401.2
7, 9401.4
29, 9402
47, 9402.1
26, 9402.5
13, 9402.7
54, 9402.7
5, 9402.9
46, 9402.9
49, 9403.1
30, 9403.3
42, 9403.3
27, 9403.6
57, 9403.7
35, 9404
25, 9404.1
40, 9404.2
24, 9404.5
60, 9404.5
36, 9404.9
39, 9405.4
48, 9406.1
59, 9406.3
3, 9406.7
20, 9406.8
19, 9407.1
14, 9407.3
41, 9407.3
28, 9407.4
17, 9407.8
45, 9408.1
37, 9408.2
7, 9408.4
15, 9408.4
38, 9408.4
47, 9409.6
21, 9410
58, 9411.4
34, 9412.1
7, 9472.8
48, 9480.4
7, 9481.3
7, 9537.4
7, 9552
17, 9552.6
57, 9552.6
41, 9553.5
47, 9553.6
44, 9553.7
5, 9553.8
48, 9554.8
26, 9555.6
24, 9555.9
28, 9556.9
49, 9557.5
1, 9559.2
7, 9559.4
17, 9559.9
36, 9560
57, 9561.3
3, 9562.6
46, 9562.8
41, 9563.3
9, 9564.3
26, 9564.8
13, 9565.6
20, 9568.6
54, 9570.3
5, 9605.2
7, 9631.1
57, 9631.8
17, 9631.9
44, 9632
47, 9632.6
41, 9633.2
48, 9633.5
5, 9633.8
24, 9634.1
18, 9634.7
26, 9635
1, 9635.6
36, 9636.1
7, 9636.6
29, 9637.4
30, 9637.5
17, 9637.6
46, 9637.6
28, 9637.7
9, 9638
57, 9638.1
44, 9638.7
3, 9638.9
25, 9639.2
19, 9639.6
49, 9640
59, 9640.4
47, 9640.7
39, 9641
41, 9641.2
48, 9641.8
13, 9642
26, 9642.6
20, 9643.6
24, 9644.3
54, 9644.3
5, 9644.6
57, 9646
3, 9647.2
18, 9651.4
39, 9651.8
15, 9653.9
53, 9653.9
7, 9683.2
7, 9725.1
7, 9780.2
5, 9781.5
47, 9781.5
1, 9783.1
44, 9793
