27, 87.3
12, 87.6
26, 87.6
9, 87.8
1, 88.1
14, 88.2
19, 88.2
22, 88.2
3, 88.4
10, 88.4
21, 88.4
31, 88.5
30, 88.7
23, 89.6
2, 89.8
17, 89.9
4, 90.1
24, 90.4
27, 90.7
15, 91
18, 91.1
28, 91.9
26, 92
5, 92.1
12, 92.3
13, 93.1
20, 93.1
9, 93.2
11, 93.2
1, 93.9
22, 93.9
14, 94.1
19, 94.1
27, 94.2
3, 94.3
10, 94.4
21, 94.4
31, 94.6
30, 95
26, 95.4
12, 95.9
23, 96.5
2, 96.9
17, 97
9, 97.4
27, 97.4
4, 97.5
24, 97.6
22, 98.6
1, 99
19, 99.1
15, 99.2
14, 99.7
26, 99.7
18, 99.8
3, 99.9
10, 100
21, 100.4
31, 100.7
12, 100.8
28, 101.6
30, 101.7
27, 101.8
5, 103.3
9, 104
26, 105.7
22, 106.4
23, 106.9
17, 107.3
20, 107.4
19, 107.7
27, 107.8
13, 108.1
1, 108.5
2, 109.1
4, 109.1
12, 109.3
3, 110
10, 110.4
21, 110.7
14, 111.2
31, 112.6
24, 112.7
15, 116.3
26, 116.7
9, 117
30, 117.4
27, 119.4
12, 123.4
22, 128.5
18, 128.6
4, 128.9
27, 167.1
26, 167.2
12, 167.3
9, 167.5
1, 167.8
14, 167.9
22, 167.9
19, 168
3, 168.1
10, 168.1
21, 168.1
31, 168.2
30, 168.4
23, 169.3
2, 169.4
4, 169.5
17, 169.6
24, 170
27, 170.4
15, 170.5
18, 170.6
28, 171.3
26, 171.5
5, 171.6
12, 171.8
13, 172.4
20, 172.4
9, 172.6
11, 172.7
1, 173.3
22, 173.4
14, 173.5
19, 173.5
3, 173.7
27, 173.7
10, 173.8
21, 173.9
31, 174
30, 174.3
26, 174.7
12, 175.2
23, 175.9
2, 176.2
17, 176.3
4, 176.6
27, 176.8
9, 176.9
24, 177
22, 178.1
1, 178.3
15, 178.3
19, 178.4
14, 178.8
26, 178.9
3, 179
18, 179
10, 179.3
21, 179.6
31, 179.7
12, 179.9
30, 180.7
28, 180.8
27, 181
5, 182.2
9, 183.5
26, 185.4
22, 186.1
19, 187.1
23, 187.2
1, 187.3
13, 187.3
27, 187.4
12, 188
20, 188.5
14, 188.9
17, 189.1
2, 189.2
3, 189.5
10, 190.3
4, 190.4
21, 191.4
31, 192.2
24, 192.6
26, 197.6
30, 198.3
9, 198.7
27, 199.8
12, 216.7
27, 247.1
12, 247.3
26, 247.3
9, 247.5
1, 247.8
14, 247.9
22, 247.9
19, 248
3, 248.1
10, 248.1
21, 248.1
31, 248.2
30, 248.4
23, 249.3
2, 249.4
17, 249.5
4, 249.6
24, 250
27, 250.4
15, 250.5
18, 250.6
28, 251.3
26, 251.5
5, 251.6
12, 251.8
13, 252.5
20, 252.5
9, 252.8
11, 252.8
1, 253.5
22, 253.6
19, 253.7
14, 253.8
3, 254
27, 254
21, 254.1
10, 254.2
31, 254.3
30, 254.7
26, 254.9
12, 255.2
23, 256.2
2, 256.5
17, 256.6
9, 256.8
4, 256.9
27, 257
24, 257.2
22, 258.1
19, 258.4
1, 258.5
15, 258.5
14, 259
18, 259
26, 259
3, 259.2
10, 259.7
12, 259.7
21, 259.7
31, 259.9
28, 260.6
27, 261
30, 261.1
5, 262
9, 263.2
26, 265.2
13, 265.8
22, 265.9
19, 266.8
20, 266.9
12, 267
1, 267.2
23, 267.2
27, 267.3
17, 268.9
2, 269
14, 269.1
3, 269.4
10, 270.7
21, 270.7
4, 271.4
11, 271.9
31, 271.9
24, 272.9
9, 276.1
26, 276.2
30, 277.6
27, 278.6
12, 288
22, 288.9
27, 306.6
26, 306.8
12, 306.9
9, 307
1, 307.4
14, 307.5
19, 307.5
22, 307.5
3, 307.6
10, 307.7
21, 307.7
31, 307.8
30, 308
23, 308.8
2, 309
17, 309.1
4, 309.2
24, 309.6
27, 309.9
15, 310.1
18, 310.2
26, 310.9
28, 310.9
5, 311.1
12, 311.4
13, 311.9
20, 312
9, 312.2
11, 312.3
22, 313.2
1, 313.6
19, 313.7
14, 314
3, 314.3
10, 314.5
27, 314.5
21, 314.6
31, 314.8
30, 315.7
26, 317.5
12, 318.8
27, 321.9
9, 322.1
23, 322.1
17, 323.6
2, 324.1
22, 325.5
4, 326.7
19, 327.8
1, 328.6
24, 330.4
26, 332.1
14, 333.2
3, 333.9
10, 338.6
27, 341.3
12, 345.1
27, 632.2
26, 632.4
12, 632.5
9, 632.6
1, 633
14, 633.1
19, 633.1
22, 633.1
3, 633.2
10, 633.3
21, 633.3
31, 633.4
30, 633.6
23, 634.5
2, 634.7
17, 634.8
4, 635
24, 635.2
27, 635.6
15, 635.9
18, 635.9
28, 636.7
5, 636.9
26, 636.9
12, 637.2
9, 637.8
20, 637.8
11, 637.9
13, 637.9
1, 638.4
22, 638.4
14, 638.6
19, 638.6
27, 638.7
3, 638.8
10, 638.9
21, 638.9
31, 639
30, 639.4
26, 640.2
12, 640.8
23, 641
2, 641.4
17, 641.5
27, 641.9
4, 642.1
9, 642.2
24, 642.3
22, 643.2
1, 643.6
19, 643.7
15, 644
14, 644.2
3, 644.4
10, 644.7
18, 644.7
21, 644.8
26, 644.8
31, 645
12, 646
30, 646.2
27, 646.3
28, 647.2
5, 649.1
9, 649.2
26, 651.1
22, 651.3
23, 651.9
27, 652.6
17, 652.9
19, 653
1, 653.5
20, 654.1
2, 654.4
4, 654.5
13, 654.6
3, 654.8
12, 655.4
14, 655.7
10, 655.9
21, 655.9
31, 657.4
24, 659.4
15, 663
30, 663.2
26, 664.1
9, 664.8
27, 665.3
12, 671.8
27, 693.4
12, 693.6
26, 693.6
9, 693.8
1, 694.2
22, 694.2
14, 694.3
3, 694.4
19, 694.4
10, 694.5
21, 694.5
31, 694.6
30, 694.8
2, 695.7
23, 695.7
4, 695.8
17, 695.9
24, 696.3
15, 696.8
27, 696.8
18, 697
26, 697.7
28, 697.7
5, 697.9
12, 698
13, 698.7
20, 698.8
9, 699.2
11, 699.2
22, 699.9
1, 700.4
19, 700.5
14, 700.8
3, 700.9
10, 701.1
21, 701.4
27, 701.6
31, 701.6
30, 702.2
26, 704.2
12, 705.3
23, 708.9
27, 709.3
9, 709.4
2, 710.3
17, 710.4
4, 711
22, 711.5
1, 712.4
19, 712.5
26, 712.5
12, 712.7
14, 712.7
3, 712.8
10, 713
27, 713
21, 713.1
31, 713.2
24, 713.3
30, 713.4
9, 713.8
15, 714.7
18, 715.1
28, 715.8
23, 716
5, 716.1
22, 716.3
27, 716.4
26, 716.5
13, 717
12, 717.1
20, 717.1
11, 717.4
2, 717.6
17, 717.7
19, 717.8
1, 717.9
14, 718.6
3, 718.7
10, 719.1
4, 719.2
9, 719.4
21, 719.5
31, 719.6
27, 720.3
30, 720.3
26, 720.7
12, 721.1
22, 721.3
24, 722
1, 722.2
19, 722.2
14, 723
23, 723
3, 723.1
27, 723.3
9, 723.5
15, 723.5
10, 723.9
18, 723.9
2, 724.3
17, 724.3
21, 724.5
26, 724.5
31, 724.6
28, 725.1
12, 725.3
5, 725.8
30, 726
22, 726.6
4, 726.9
27, 727.3
13, 727.9
19, 728.3
20, 728.4
1, 728.6
9, 729.9
11, 729.9
26, 730.1
14, 730.3
3, 730.4
10, 731.8
12, 732.1
21, 733.3
24, 733.3
27, 733.3
31, 733.6
23, 734.3
22, 736.6
30, 738
17, 739.2
2, 739.5
26, 740.2
15, 741.1
19, 741.7
1, 744.3
9, 744.5
27, 744.5
12, 747.3
3, 757.1
27, 764.8
26, 764.9
12, 765
9, 765.2
14, 765.4
1, 765.5
22, 765.6
19, 765.7
10, 765.8
21, 765.8
31, 765.9
3, 766.1
30, 766.1
23, 767
2, 767.1
4, 767.3
17, 767.3
24, 767.7
27, 768.1
15, 768.2
18, 768.3
26, 769
28, 769
5, 769.3
12, 769.6
13, 770.1
20, 770.1
9, 770.4
11, 770.4
22, 771.2
19, 771.7
1, 771.8
14, 771.9
10, 772.4
21, 772.6
27, 772.6
3, 772.8
31, 773
30, 773.9
26, 775.3
12, 776.9
23, 779.3
27, 780.1
9, 780.2
2, 781.5
17, 781.9
4, 782.9
22, 783
19, 785.1
24, 786.3
1, 786.5
14, 788.2
26, 788.9
10, 791.7
27, 791.7
12, 791.8
3, 791.9
21, 792.1
9, 792.2
31, 792.4
22, 792.8
26, 792.8
30, 792.9
19, 793
1, 793.1
14, 793.6
23, 794
2, 794.3
17, 794.4
4, 794.6
15, 794.6
18, 794.9
27, 794.9
24, 795.5
28, 795.8
5, 796
12, 796.1
20, 796.8
13, 796.9
9, 797
11, 797
26, 797
3, 797.2
10, 797.2
21, 797.5
22, 797.6
27, 797.8
1, 797.9
19, 797.9
31, 797.9
14, 798.4
30, 798.4
12, 799.5
23, 800.2
26, 800.5
2, 800.7
17, 800.9
27, 800.9
9, 801.3
4, 801.5
3, 802.4
15, 802.4
22, 802.5
24, 802.5
10, 802.6
21, 803
1, 803.2
19, 803.2
18, 803.3
31, 803.6
14, 804.3
12, 804.5
30, 804.9
27, 805.1
26, 805.5
28, 805.6
5, 807.7
9, 808.2
22, 811.1
27, 811.5
3, 812.1
23, 812.3
10, 812.4
19, 812.8
12, 813.2
1, 813.3
21, 813.6
13, 813.7
26, 814.1
20, 814.3
2, 814.8
17, 815.2
31, 815.6
14, 817.2
4, 819
30, 823.3
27, 823.5
9, 824.4
26, 838.2
27, 841.3
12, 841.4
9, 841.7
1, 842
22, 842
14, 842.1
19, 842.2
3, 842.3
10, 842.3
21, 842.3
26, 842.3
31, 842.5
30, 842.6
23, 843.4
2, 843.7
17, 843.7
4, 843.8
24, 844.1
27, 844.6
15, 844.8
18, 844.8
28, 845.4
5, 845.8
12, 845.8
20, 846.3
13, 846.6
26, 846.8
9, 846.9
11, 846.9
22, 847.5
19, 848.2
1, 848.3
14, 848.7
3, 848.8
10, 849
21, 849.1
27, 849.2
31, 849.5
30, 850.5
12, 852.9
26, 854
23, 856.1
27, 856.5
9, 856.8
17, 857.4
22, 858.6
2, 858.9
4, 860
19, 861.7
1, 863.1
24, 863.6
3, 867.4
14, 867.6
10, 869
21, 871.3
12, 871.4
26, 871.5
27, 871.5
9, 872.1
31, 872.4
22, 872.6
1, 872.7
19, 872.8
30, 872.9
14, 873.4
3, 873.5
23, 873.9
10, 874.1
2, 874.2
17, 874.2
4, 874.4
27, 874.7
15, 875
24, 875
18, 875.1
26, 875.4
12, 875.5
28, 875.8
5, 876.1
20, 876.6
21, 876.6
9, 876.7
13, 876.7
11, 876.9
22, 877.2
1, 877.3
19, 877.4
27, 877.4
31, 877.5
14, 878
3, 878.1
30, 878.1
10, 878.6
26, 878.6
12, 878.9
23, 880.1
2, 880.5
27, 880.5
17, 880.7
9, 881.1
4, 881.3
21, 881.8
22, 882
24, 882
19, 882.7
1, 882.8
26, 883
15, 883.1
31, 883.3
12, 884
3, 884.1
14, 884.2
18, 884.2
30, 884.8
27, 884.9
10, 885.2
28, 886.7
9, 888.5
5, 889.1
26, 890
22, 890.7
27, 891.8
21, 892
19, 892.4
12, 892.6
1, 893.2
23, 893.3
17, 895.8
31, 895.8
2, 896.3
13, 897
3, 897.3
14, 898.3
20, 899.3
4, 901
10, 903.9
26, 904.8
27, 906
9, 909.5
30, 912.1
27, 921.5
12, 921.7
26, 921.7
9, 922
1, 922.2
22, 922.3
14, 922.4
19, 922.4
3, 922.5
21, 922.5
10, 922.6
31, 922.7
30, 923.1
23, 923.7
2, 923.9
17, 924
4, 924.1
24, 924.4
27, 924.8
15, 925
18, 925.1
28, 925.8
5, 926
26, 926
12, 926.2
20, 926.8
13, 926.9
11, 927.1
9, 927.3
22, 928.2
19, 928.4
1, 928.5
3, 929
14, 929
10, 929.4
27, 929.4
21, 929.6
31, 929.7
30, 931.1
26, 932.5
12, 933.5
23, 936.4
27, 936.8
9, 937.3
17, 938.8
2, 939.1
22, 940.4
19, 941.9
1, 943.5
4, 943.5
24, 945.7
26, 947.8
3, 947.9
14, 948.4
10, 954
27, 955.1
12, 959.1
27, 965.9
26, 966.1
9, 966.2
12, 966.3
1, 966.6
14, 966.7
19, 966.7
21, 966.7
22, 966.7
3, 966.9
31, 966.9
10, 967
30, 967.2
23, 968
2, 968.2
17, 968.3
4, 968.5
24, 968.8
27, 969.2
15, 969.3
18, 969.4
28, 970.1
26, 970.3
5, 970.4
12, 971.1
20, 971.2
13, 971.3
9, 971.4
11, 971.5
22, 972.5
1, 972.8
19, 972.9
14, 973.3
3, 973.5
21, 973.5
27, 973.8
31, 973.8
10, 973.9
30, 975
26, 976.8
12, 979
23, 981.3
27, 981.3
9, 981.5
17, 983.9
2, 984.2
22, 984.8
19, 987
1, 987.9
4, 988.6
24, 990.5
26, 992.4
14, 993.1
3, 994.4
27, 1000.7
21, 1005
27, 1257.2
26, 1257.4
12, 1257.5
9, 1257.6
1, 1258
14, 1258.1
19, 1258.1
22, 1258.1
3, 1258.2
10, 1258.3
21, 1258.3
31, 1258.4
30, 1258.6
23, 1259.5
2, 1259.7
17, 1259.8
4, 1260
24, 1260.2
27, 1260.6
15, 1260.9
18, 1261
28, 1261.7
5, 1261.9
26, 1261.9
12, 1262.2
9, 1262.8
20, 1262.8
11, 1262.9
13, 1262.9
1, 1263.4
22, 1263.4
14, 1263.6
19, 1263.6
27, 1263.7
3, 1263.8
10, 1263.9
21, 1263.9
31, 1264
30, 1264.4
26, 1265.2
12, 1265.8
23, 1266
2, 1266.4
17, 1266.5
27, 1266.9
4, 1267.1
9, 1267.2
24, 1267.3
22, 1268.2
1, 1268.6
19, 1268.7
15, 1269
14, 1269.2
3, 1269.4
10, 1269.7
18, 1269.7
26, 1269.8
21, 1269.9
31, 1270.2
12, 1271
30, 1271.2
27, 1271.3
28, 1272.2
5, 1274.2
9, 1274.2
26, 1276
22, 1276.6
23, 1276.9
27, 1277.6
17, 1277.8
19, 1278
1, 1278.5
20, 1279.2
2, 1279.4
4, 1279.5
13, 1279.6
3, 1280.1
12, 1280.4
14, 1280.7
10, 1280.9
21, 1280.9
31, 1282.8
24, 1284.4
15, 1287.7
30, 1288.2
26, 1289.2
9, 1289.6
27, 1290.3
12, 1296.8
27, 1313.8
12, 1314
26, 1314
9, 1314.2
1, 1314.4
22, 1314.5
14, 1314.6
19, 1314.7
3, 1314.8
10, 1314.9
21, 1314.9
31, 1315
30, 1315.1
4, 1315.9
23, 1316
2, 1316.1
17, 1316.3
24, 1316.7
15, 1317.1
27, 1317.1
18, 1317.4
28, 1317.8
26, 1318.1
5, 1318.2
12, 1318.4
13, 1319.1
20, 1319.2
9, 1319.6
11, 1319.6
22, 1320.1
1, 1320.4
19, 1320.9
3, 1321.2
14, 1321.2
10, 1321.7
27, 1321.7
21, 1321.8
31, 1321.9
30, 1322.7
26, 1324.5
12, 1325.3
27, 1329.1
4, 1329.3
23, 1329.3
9, 1329.5
2, 1330.2
17, 1331.4
22, 1331.8
1, 1333.7
24, 1335.2
19, 1335.7
3, 1336.7
26, 1336.7
14, 1336.9
12, 1337
27, 1337.2
10, 1337.5
21, 1337.6
9, 1337.7
31, 1337.7
30, 1338.1
22, 1338.4
1, 1338.8
15, 1339.5
23, 1339.6
2, 1339.9
4, 1339.9
18, 1340
17, 1340.2
19, 1340.3
26, 1340.5
27, 1340.5
28, 1340.6
5, 1341.1
12, 1341.2
13, 1341.9
20, 1341.9
3, 1342
11, 1342.2
14, 1342.2
9, 1342.4
24, 1342.7
10, 1342.9
21, 1343
22, 1343.2
31, 1343.2
27, 1343.3
1, 1343.5
30, 1343.6
26, 1343.7
19, 1344.5
12, 1344.6
23, 1345.8
2, 1346.3
27, 1346.4
3, 1346.7
4, 1346.7
9, 1346.7
17, 1346.7
15, 1347.2
14, 1347.3
26, 1347.8
22, 1348
10, 1348.2
18, 1348.3
21, 1348.5
31, 1348.8
1, 1348.9
12, 1349.3
28, 1349.8
30, 1350.1
19, 1350.3
27, 1350.8
24, 1351.1
5, 1351.8
9, 1353.6
26, 1354.1
3, 1354.7
13, 1355.9
14, 1356.2
22, 1356.7
12, 1357
27, 1357.4
20, 1358.1
23, 1358.3
10, 1358.5
1, 1359.3
21, 1359.4
2, 1360.4
31, 1360.7
17, 1361.7
4, 1362.1
19, 1363.1
26, 1365.8
30, 1367.5
27, 1371.1
9, 1372.8
12, 1385.5
27, 1386.4
26, 1386.6
9, 1386.9
1, 1387.1
14, 1387.2
22, 1387.2
3, 1387.3
19, 1387.3
10, 1387.4
21, 1387.4
31, 1387.6
30, 1387.8
23, 1388.5
2, 1388.7
15, 1388.7
4, 1388.9
17, 1388.9
24, 1389.3
12, 1389.5
27, 1389.7
18, 1389.9
28, 1390.6
26, 1390.7
5, 1390.9
20, 1391.6
13, 1391.8
11, 1392
9, 1392.2
22, 1392.9
1, 1393.2
19, 1393.3
14, 1393.6
3, 1393.7
10, 1394.3
27, 1394.3
21, 1394.5
31, 1394.6
30, 1395.5
12, 1395.6
26, 1397.3
23, 1401.4
27, 1401.7
9, 1402.2
17, 1403.6
2, 1403.8
22, 1404.6
4, 1405.7
19, 1406.7
1, 1407.3
24, 1407.9
12, 1408.5
14, 1410.9
3, 1411
26, 1411.9
10, 1416.1
27, 1416.5
9, 1417.1
21, 1417.1
12, 1417.2
26, 1417.4
31, 1417.4
1, 1417.6
22, 1417.6
15, 1417.7
19, 1417.8
30, 1417.9
14, 1418
3, 1418.2
23, 1418.9
2, 1419.2
17, 1419.3
4, 1419.5
27, 1419.7
24, 1419.9
18, 1420.1
28, 1420.8
5, 1421
12, 1421.3
26, 1421.3
10, 1421.5
9, 1421.7
20, 1421.7
13, 1421.8
11, 1421.9
21, 1422.3
22, 1422.3
1, 1422.4
19, 1422.4
27, 1422.4
31, 1422.5
14, 1422.7
3, 1422.9
30, 1423.1
26, 1424.9
23, 1425.1
12, 1425.2
15, 1425.4
2, 1425.5
27, 1425.5
17, 1425.7
9, 1426.1
4, 1426.3
10, 1426.6
24, 1426.9
22, 1427.2
1, 1427.7
19, 1427.7
21, 1428.2
31, 1428.3
14, 1428.7
3, 1428.9
18, 1429.2
30, 1429.8
27, 1429.9
26, 1430.1
12, 1430.8
28, 1431.4
9, 1433.6
5, 1434
22, 1435.8
10, 1435.9
27, 1436.8
19, 1437.7
1, 1438.2
23, 1438.3
26, 1438.7
21, 1440.4
17, 1440.5
31, 1440.8
2, 1441
12, 1441.4
14, 1441.5
3, 1441.6
4, 1444.2
13, 1444.4
20, 1445
15, 1449.1
27, 1450.1
30, 1451.4
9, 1451.5
26, 1462
27, 1465
12, 1465.2
9, 1465.4
1, 1465.7
22, 1465.7
14, 1465.8
19, 1465.9
3, 1466
10, 1466
21, 1466
26, 1466
31, 1466.2
30, 1466.4
23, 1467.1
2, 1467.4
4, 1467.4
17, 1467.4
24, 1467.8
27, 1468.3
15, 1468.5
18, 1468.5
28, 1469.1
5, 1469.5
12, 1469.6
20, 1470.2
13, 1470.4
26, 1470.5
11, 1470.6
9, 1470.8
22, 1471.2
19, 1471.9
1, 1472
3, 1472.5
14, 1472.5
10, 1472.7
21, 1472.8
27, 1472.9
31, 1473.2
30, 1474.2
12, 1477
26, 1477.7
23, 1479.2
27, 1480.3
9, 1480.7
17, 1481.8
22, 1482.4
2, 1482.5
4, 1483.1
19, 1485.3
24, 1486.4
1, 1486.8
3, 1491
14, 1491.3
10, 1493.5
26, 1496
27, 1496.1
12, 1496.4
21, 1496.5
9, 1497
31, 1497.3
1, 1497.5
22, 1497.5
19, 1497.6
30, 1497.8
3, 1498.1
14, 1498.1
10, 1498.8
23, 1498.8
2, 1499.1
17, 1499.1
27, 1499.2
4, 1499.3
24, 1499.8
26, 1499.8
15, 1499.9
18, 1500.1
12, 1500.6
28, 1500.8
5, 1501
9, 1501.7
13, 1501.7
20, 1501.7
11, 1502
21, 1502
22, 1502.3
27, 1502.3
1, 1502.5
19, 1502.6
31, 1502.6
14, 1502.9
3, 1503
26, 1503
30, 1503.3
10, 1503.6
12, 1504
23, 1505
27, 1505.4
2, 1505.5
17, 1505.6
9, 1506
4, 1506.1
24, 1506.6
22, 1507
26, 1507
21, 1507.5
19, 1507.7
1, 1507.8
15, 1508
31, 1508.5
18, 1508.7
12, 1508.8
3, 1508.9
14, 1508.9
27, 1509.5
10, 1509.9
30, 1510
28, 1511
9, 1512.9
26, 1513
5, 1513.4
22, 1515.4
27, 1515.9
12, 1517
23, 1517
19, 1517.4
1, 1517.9
21, 1518.1
13, 1519.2
17, 1519.4
2, 1520.4
31, 1520.9
3, 1521.2
20, 1521.6
14, 1521.7
4, 1522.8
26, 1524.9
10, 1525.5
27, 1528.4
9, 1531.2
24, 1533.2
30, 1535.3
27, 1546
12, 1546.1
26, 1546.2
9, 1546.5
1, 1546.7
22, 1546.8
14, 1546.9
19, 1546.9
3, 1547
10, 1547
21, 1547
31, 1547.2
30, 1547.5
23, 1548.2
2, 1548.4
17, 1548.5
4, 1548.6
24, 1549
27, 1549.3
15, 1549.5
18, 1549.5
26, 1550.3
28, 1550.3
5, 1550.4
12, 1550.7
20, 1551.2
13, 1551.5
11, 1551.6
9, 1551.8
22, 1552.5
19, 1552.9
1, 1553
3, 1553.5
14, 1553.5
10, 1553.9
27, 1553.9
21, 1554.1
31, 1554.2
30, 1555.4
26, 1556.9
12, 1558
23, 1561
27, 1561.3
9, 1562.1
17, 1563.3
2, 1563.6
22, 1564.3
19, 1566.4
4, 1567.9
1, 1568.5
24, 1571.7
26, 1571.7
3, 1572.5
14, 1572.8
10, 1577
27, 1579.7
12, 1584.5
27, 1589.6
26, 1589.8
9, 1589.9
21, 1590.1
12, 1590.2
1, 1590.3
14, 1590.4
19, 1590.4
22, 1590.4
3, 1590.6
10, 1590.6
31, 1590.6
30, 1590.9
23, 1591.7
2, 1591.9
17, 1592
4, 1592.2
24, 1592.5
27, 1592.9
15, 1593
18, 1593.1
28, 1593.8
5, 1594
26, 1594
12, 1594.9
20, 1594.9
13, 1595
9, 1595.1
11, 1595.2
22, 1596.2
1, 1596.5
19, 1596.6
21, 1596.9
14, 1597
3, 1597.2
27, 1597.5
10, 1597.6
31, 1597.7
30, 1598.7
26, 1600.6
12, 1602.9
27, 1605
23, 1605.1
9, 1605.2
17, 1607.6
2, 1607.9
22, 1608.5
19, 1611.3
1, 1611.6
4, 1612.2
24, 1614.2
26, 1616.3
14, 1616.8
3, 1618.2
21, 1618.9
27, 1624.5
10, 1636.7
27, 1643.5
12, 1643.7
26, 1643.7
9, 1643.9
1, 1644.2
14, 1644.3
22, 1644.3
19, 1644.4
3, 1644.5
21, 1644.5
31, 1644.6
10, 1644.8
30, 1644.8
23, 1645.7
2, 1645.9
17, 1646
4, 1646.1
24, 1646.4
27, 1646.8
15, 1647
18, 1647.1
28, 1647.8
26, 1647.9
5, 1648
12, 1648.2
20, 1648.9
13, 1649
9, 1649.2
11, 1649.2
22, 1650.1
1, 1650.4
19, 1650.5
14, 1651.1
3, 1651.2
27, 1651.6
21, 1651.7
31, 1651.9
10, 1652.1
30, 1652.9
26, 1654.5
12, 1655.9
23, 1659.1
27, 1659.3
9, 1659.7
17, 1661.7
2, 1662
22, 1662.5
19, 1665.4
1, 1666.3
4, 1669.6
26, 1670.5
24, 1672.8
3, 1673.1
14, 1675.6
27, 1682.1
27, 1882.2
12, 1882.4
26, 1882.4
9, 1882.6
1, 1882.9
14, 1883.1
19, 1883.1
22, 1883.1
3, 1883.2
10, 1883.3
21, 1883.3
31, 1883.4
30, 1883.6
23, 1884.5
2, 1884.6
17, 1884.7
4, 1885
24, 1885.2
27, 1885.6
15, 1885.9
18, 1885.9
26, 1886.7
28, 1886.7
5, 1886.9
12, 1886.9
9, 1887.4
20, 1887.6
11, 1887.7
13, 1887.7
1, 1887.9
22, 1887.9
19, 1888
14, 1888.1
3, 1888.3
10, 1888.4
21, 1888.4
27, 1888.4
31, 1888.6
30, 1888.9
26, 1890.3
12, 1890.7
23, 1890.8
2, 1891.2
17, 1891.3
27, 1891.7
9, 1891.9
4, 1892
24, 1892.3
22, 1893
1, 1893.4
19, 1893.4
14, 1894
3, 1894.3
10, 1894.4
15, 1894.4
21, 1894.7
31, 1894.8
26, 1895.3
18, 1895.4
30, 1896.1
12, 1896.3
27, 1896.3
28, 1898.2
9, 1899.4
5, 1900.8
22, 1901.8
23, 1902.1
26, 1902.1
19, 1903
27, 1903.1
17, 1903.4
1, 1904.5
4, 1905
3, 1905.6
10, 1906
2, 1906.1
14, 1906.4
20, 1906.6
12, 1906.7
21, 1906.9
13, 1907.2
31, 1908.5
24, 1912.4
30, 1914.7
15, 1914.9
9, 1917.4
27, 1918
26, 1918.9
12, 1929.8
27, 1938
26, 1938.2
12, 1938.3
9, 1938.4
1, 1938.6
14, 1938.7
22, 1938.7
3, 1938.9
19, 1938.9
10, 1939
21, 1939
31, 1939
30, 1939.1
4, 1940.1
23, 1940.1
2, 1940.2
17, 1940.4
24, 1940.7
15, 1941.3
27, 1941.3
18, 1941.5
5, 1942.1
28, 1942.2
26, 1942.4
12, 1942.8
20, 1943.3
13, 1943.4
9, 1943.7
11, 1943.7
22, 1944.4
1, 1944.7
19, 1945
14, 1945.1
3, 1945.4
10, 1945.8
21, 1946
31, 1946
27, 1946.1
30, 1946.8
26, 1948.9
12, 1950.2
23, 1953.5
9, 1953.6
27, 1953.8
4, 1954.3
2, 1954.5
17, 1955.5
22, 1956
24, 1957.1
1, 1958.4
19, 1959.8
14, 1961.1
3, 1961.2
26, 1961.7
12, 1962
27, 1962.1
10, 1962.3
21, 1962.5
9, 1962.6
31, 1962.6
30, 1962.9
22, 1963.2
1, 1963.6
19, 1964.4
23, 1964.4
15, 1964.6
2, 1964.7
4, 1964.9
17, 1965
18, 1965
27, 1965.4
26, 1965.7
28, 1965.8
5, 1965.9
24, 1965.9
3, 1966.4
12, 1966.4
14, 1966.5
20, 1966.9
13, 1967
11, 1967.2
9, 1967.5
10, 1967.9
21, 1968.2
22, 1968.2
31, 1968.2
27, 1968.4
1, 1968.6
30, 1968.7
19, 1969
26, 1969
12, 1969.9
3, 1970.8
23, 1970.8
14, 1971
2, 1971.3
27, 1971.5
17, 1971.6
4, 1971.7
9, 1971.8
15, 1972.4
24, 1972.8
22, 1973
26, 1973.2
10, 1973.3
18, 1973.3
31, 1973.7
21, 1973.8
1, 1974
19, 1974.4
12, 1974.7
28, 1975
30, 1975
27, 1975.9
5, 1976.4
3, 1977.9
14, 1978.4
9, 1978.7
26, 1979.6
22, 1981.2
13, 1982.3
27, 1982.5
12, 1982.7
20, 1982.7
23, 1983
10, 1983.5
1, 1984.4
21, 1984.6
31, 1984.9
2, 1985
19, 1985.3
17, 1985.5
4, 1986.1
30, 1990.4
26, 1992.3
24, 1993.7
27, 1995.8
9, 1996.9
3, 2004.1
12, 2011.2
27, 2011.3
26, 2011.5
9, 2011.8
1, 2012
14, 2012
22, 2012.1
19, 2012.2
10, 2012.3
21, 2012.3
31, 2012.5
3, 2012.6
30, 2012.6
23, 2013.5
2, 2013.7
17, 2013.7
4, 2013.8
24, 2014.2
15, 2014.6
27, 2014.6
18, 2014.8
12, 2015.5
28, 2015.5
26, 2015.6
5, 2015.8
11, 2016.4
20, 2016.6
13, 2016.7
9, 2017.1
22, 2017.8
19, 2018.2
1, 2018.3
14, 2018.6
21, 2019.1
10, 2019.2
27, 2019.2
3, 2019.3
31, 2019.5
30, 2020.4
26, 2022.2
12, 2022.4
23, 2026.3
27, 2026.6
9, 2027.4
17, 2028.4
2, 2028.7
22, 2029.5
4, 2030.7
19, 2031.7
1, 2033.6
24, 2034.1
14, 2035.9
26, 2037.1
12, 2040.4
10, 2040.5
3, 2040.8
21, 2041.3
27, 2041.5
9, 2042.2
31, 2042.4
26, 2042.5
22, 2042.6
1, 2042.7
19, 2042.8
30, 2042.9
14, 2043.1
23, 2043.9
2, 2044.2
12, 2044.2
17, 2044.3
4, 2044.5
27, 2044.7
15, 2044.9
18, 2045.1
24, 2045.1
10, 2045.7
28, 2045.8
3, 2046.1
5, 2046.1
26, 2046.4
20, 2046.6
21, 2046.6
9, 2046.7
11, 2046.9
13, 2046.9
22, 2047.3
1, 2047.4
19, 2047.4
27, 2047.4
31, 2047.5
12, 2047.6
14, 2047.7
30, 2048.1
23, 2050.1
26, 2050.1
10, 2050.5
2, 2050.6
27, 2050.6
17, 2050.7
3, 2050.9
9, 2051.2
4, 2051.3
12, 2052
24, 2052
21, 2052.1
22, 2052.2
19, 2052.7
1, 2052.9
15, 2052.9
31, 2053.3
14, 2053.7
18, 2054.2
30, 2054.8
27, 2054.9
26, 2055.2
28, 2056.7
9, 2058.6
10, 2058.9
12, 2059
5, 2059.1
3, 2059.3
22, 2060.8
27, 2061.5
21, 2062.5
19, 2062.7
23, 2063.3
1, 2063.8
26, 2064.2
17, 2065.5
2, 2066.1
31, 2066.3
14, 2066.5
20, 2068.3
13, 2069
4, 2069.9
27, 2075
12, 2076.2
9, 2077.2
30, 2077.8
26, 2089.8
27, 2090
12, 2090.3
9, 2090.5
1, 2090.7
22, 2090.7
3, 2090.9
14, 2090.9
19, 2090.9
10, 2091
21, 2091
31, 2091.2
30, 2091.4
23, 2092.1
2, 2092.4
17, 2092.4
4, 2092.5
24, 2092.9
27, 2093.3
15, 2093.4
18, 2093.6
26, 2093.8
28, 2094.2
5, 2094.5
12, 2094.8
20, 2095.2
13, 2095.5
11, 2095.7
9, 2095.8
22, 2096.3
19, 2096.9
1, 2097
3, 2097.5
14, 2097.5
10, 2097.7
27, 2097.9
21, 2098.1
31, 2098.2
30, 2099.4
26, 2099.9
12, 2102.2
23, 2104.8
27, 2105.3
9, 2105.9
17, 2107
22, 2107.2
2, 2107.6
4, 2109.2
19, 2110.9
26, 2112.2
1, 2112.5
24, 2112.5
3, 2115.5
14, 2116.5
10, 2118.6
27, 2121.3
12, 2121.5
9, 2122
26, 2122
21, 2122.1
31, 2122.2
22, 2122.5
1, 2122.6
19, 2122.7
30, 2122.8
3, 2123.1
14, 2123.1
23, 2123.8
10, 2123.9
2, 2124.1
17, 2124.1
4, 2124.3
27, 2124.5
24, 2124.8
15, 2124.9
18, 2125.1
12, 2125.7
28, 2125.8
5, 2126.1
26, 2126.1
20, 2126.7
9, 2126.8
13, 2126.9
11, 2127
22, 2127.3
27, 2127.4
1, 2127.5
21, 2127.5
19, 2127.6
31, 2127.6
14, 2127.9
3, 2128
30, 2128.3
10, 2128.5
12, 2129.3
26, 2129.4
23, 2130.1
2, 2130.5
27, 2130.5
17, 2130.6
4, 2131.2
9, 2131.2
24, 2131.7
22, 2132.2
19, 2132.7
1, 2132.8
15, 2133
21, 2133.4
31, 2133.5
3, 2133.7
14, 2133.9
18, 2134
26, 2134.2
12, 2134.3
27, 2134.7
10, 2134.9
30, 2135
28, 2136
9, 2138.3
5, 2138.5
22, 2140.8
27, 2141.1
26, 2141.9
19, 2142.4
23, 2142.7
1, 2142.9
12, 2143
17, 2144.9
21, 2145.2
2, 2145.3
13, 2145.8
3, 2146
31, 2146
14, 2146.7
20, 2147.3
4, 2148.6
10, 2150.4
27, 2153.1
9, 2158.2
26, 2159.7
30, 2160.1
24, 2166.4
27, 2170.9
12, 2171.1
26, 2171.2
9, 2171.4
1, 2171.6
22, 2171.7
14, 2171.8
19, 2171.8
3, 2171.9
21, 2171.9
10, 2172
31, 2172.1
30, 2172.4
23, 2173
2, 2173.2
17, 2173.3
4, 2173.4
27, 2174.2
15, 2174.3
18, 2174.4
24, 2175
28, 2175.1
26, 2175.4
5, 2175.5
12, 2175.6
20, 2176.2
13, 2176.3
11, 2176.6
9, 2176.7
22, 2177.4
19, 2177.8
1, 2177.9
3, 2178.4
14, 2178.4
10, 2178.8
27, 2178.8
21, 2179
31, 2179.1
30, 2180.5
26, 2181.9
12, 2182.9
23, 2185.7
27, 2186.2
9, 2186.9
17, 2188
2, 2188.3
22, 2189.2
4, 2190.7
19, 2191.8
1, 2193.5
26, 2197
3, 2197.4
14, 2197.9
10, 2202.4
27, 2204.4
12, 2209.1
27, 2214.6
26, 2214.8
9, 2214.9
21, 2215
12, 2215.2
1, 2215.3
14, 2215.4
19, 2215.4
22, 2215.4
3, 2215.6
31, 2215.6
10, 2215.7
30, 2215.9
23, 2216.7
2, 2216.9
17, 2217
4, 2217.2
24, 2217.5
27, 2217.9
15, 2218
18, 2218.1
28, 2218.8
26, 2219
5, 2219.1
12, 2219.9
20, 2219.9
13, 2220
9, 2220.2
11, 2220.2
22, 2221.2
1, 2221.5
21, 2221.5
19, 2221.6
3, 2222.2
14, 2222.2
27, 2222.5
10, 2222.6
31, 2222.8
30, 2223.7
26, 2225.6
12, 2228.1
23, 2230
27, 2230
9, 2230.2
17, 2232.6
2, 2233
22, 2233.5
19, 2236.3
4, 2237.2
1, 2237.3
24, 2239.7
21, 2241
26, 2241.1
3, 2243.2
14, 2245.6
27, 2249.3
10, 2256.4
27, 2268.1
12, 2268.3
26, 2268.3
9, 2268.5
1, 2268.8
14, 2268.9
22, 2268.9
19, 2269
3, 2269.1
21, 2269.1
10, 2269.2
31, 2269.2
30, 2269.4
23, 2270.3
2, 2270.5
17, 2270.6
4, 2270.7
24, 2271
27, 2271.4
15, 2271.6
18, 2271.7
28, 2272.4
26, 2272.5
5, 2272.7
12, 2272.8
20, 2273.5
13, 2273.6
11, 2273.8
9, 2273.9
22, 2274.9
1, 2275
19, 2275.1
14, 2275.7
3, 2275.8
10, 2276.1
27, 2276.2
21, 2276.3
31, 2276.5
30, 2277.5
26, 2279.1
12, 2280.5
23, 2283.7
27, 2283.9
9, 2284.3
17, 2286.3
2, 2286.7
22, 2287.7
19, 2290
1, 2291
4, 2294.2
26, 2294.4
3, 2297.7
24, 2298.1
14, 2300.6
27, 2305.7
10, 2311.4
27, 2507.2
26, 2507.4
12, 2507.5
9, 2507.6
1, 2507.9
14, 2508.1
19, 2508.1
22, 2508.1
3, 2508.2
10, 2508.3
21, 2508.3
31, 2508.4
30, 2508.6
23, 2509.5
2, 2509.7
17, 2509.8
4, 2510
24, 2510.2
27, 2510.6
15, 2510.9
18, 2510.9
28, 2511.7
26, 2511.9
5, 2512
12, 2512.2
13, 2512.9
20, 2512.9
9, 2513
11, 2513
1, 2513.6
22, 2513.6
19, 2513.8
14, 2513.9
27, 2514
3, 2514.1
10, 2514.1
21, 2514.2
31, 2514.3
30, 2514.6
26, 2515.3
12, 2515.8
23, 2516.2
2, 2516.6
17, 2516.7
4, 2517.2
27, 2517.2
9, 2517.3
24, 2517.4
22, 2518.3
19, 2518.8
1, 2518.9
15, 2519
14, 2519.5
18, 2519.6
3, 2519.7
10, 2519.8
26, 2519.8
21, 2520.1
31, 2520.3
12, 2521
27, 2521.5
30, 2521.5
28, 2521.8
5, 2523.4
9, 2524.2
26, 2526
22, 2526.5
23, 2527.1
17, 2527.9
19, 2527.9
27, 2527.9
1, 2528.7
20, 2528.7
13, 2529
2, 2529.4
4, 2529.7
3, 2530
12, 2530.1
10, 2530.8
14, 2530.9
21, 2531.3
31, 2532.6
24, 2533.6
15, 2537.4
30, 2538.5
9, 2538.8
26, 2538.8
27, 2540
12, 2546.6
22, 2560.4
27, 2563.6
26, 2563.8
12, 2563.9
9, 2564
1, 2564.3
14, 2564.4
19, 2564.5
3, 2564.6
10, 2564.7
21, 2564.7
31, 2564.8
30, 2564.9
22, 2565.4
4, 2565.8
23, 2565.8
2, 2565.9
17, 2566.1
24, 2566.5
27, 2566.9
15, 2567
18, 2567.2
26, 2567.9
28, 2567.9
5, 2568.1
12, 2568.3
13, 2568.9
20, 2569
9, 2569.4
11, 2569.4
1, 2570.6
19, 2570.7
3, 2571.1
14, 2571.1
10, 2571.5
27, 2571.5
21, 2571.7
31, 2571.7
22, 2571.8
30, 2572.5
26, 2574.2
12, 2575.6
27, 2578.9
9, 2579.2
23, 2579.2
2, 2580.2
4, 2580.4
17, 2581.3
24, 2585
19, 2585.5
1, 2585.9
26, 2586.7
3, 2586.8
22, 2586.8
14, 2587
12, 2587.1
27, 2587.2
10, 2587.5
21, 2587.6
9, 2587.7
31, 2587.7
30, 2588.1
15, 2589.6
23, 2589.6
2, 2589.9
18, 2590.1
4, 2590.2
17, 2590.2
19, 2590.2
26, 2590.5
27, 2590.5
1, 2590.7
28, 2590.8
5, 2591.1
12, 2591.3
13, 2591.9
22, 2591.9
20, 2592
11, 2592.3
3, 2592.4
14, 2592.5
9, 2592.6
24, 2592.6
10, 2593
21, 2593.3
31, 2593.4
27, 2593.5
30, 2593.8
26, 2593.9
19, 2594.5
12, 2594.8
1, 2595
23, 2595.9
22, 2596
2, 2596.5
27, 2596.6
17, 2596.8
9, 2596.9
4, 2597
3, 2597.2
14, 2597.4
15, 2597.4
26, 2597.9
18, 2598.3
10, 2598.4
21, 2598.9
31, 2599
12, 2599.5
30, 2600.1
28, 2600.2
19, 2600.4
24, 2600.6
27, 2601
1, 2601.3
5, 2601.8
22, 2602.7
26, 2603.9
9, 2604
3, 2605.8
13, 2606
14, 2606.4
12, 2607.3
27, 2607.6
20, 2607.9
23, 2608.1
10, 2608.6
21, 2609.8
2, 2610.4
31, 2610.5
17, 2611.1
19, 2612.6
4, 2612.8
26, 2615.5
30, 2615.9
1, 2616.5
22, 2618.5
27, 2620.9
9, 2624.2
12, 2633.7
27, 2636.6
26, 2636.8
9, 2637.1
1, 2637.4
14, 2637.4
19, 2637.5
22, 2637.5
3, 2637.6
10, 2637.6
21, 2637.6
12, 2637.7
31, 2637.8
30, 2638
23, 2638.8
2, 2639
17, 2639
4, 2639.1
24, 2639.5
15, 2639.9
27, 2639.9
18, 2640.1
28, 2640.8
26, 2640.9
5, 2641.1
20, 2641.7
13, 2641.9
11, 2642.1
9, 2642.4
12, 2642.8
22, 2643.2
19, 2643.4
1, 2643.6
14, 2643.8
3, 2644.1
10, 2644.5
21, 2644.5
27, 2644.5
31, 2644.8
30, 2645.7
26, 2647.2
23, 2651.3
12, 2651.5
27, 2651.8
9, 2652.8
17, 2653.6
2, 2654.1
22, 2655.4
4, 2655.9
19, 2656.9
24, 2658.3
1, 2658.4
26, 2661.1
14, 2661.3
3, 2661.5
10, 2666.3
21, 2666.3
27, 2666.5
12, 2666.9
9, 2667.2
26, 2667.3
31, 2667.4
1, 2667.7
22, 2667.7
19, 2667.8
30, 2667.9
14, 2668.1
3, 2668.3
23, 2668.9
2, 2669.2
17, 2669.3
4, 2669.5
27, 2669.7
15, 2669.9
24, 2670
18, 2670.1
28, 2670.8
5, 2671
12, 2671.1
26, 2671.3
10, 2671.6
9, 2671.7
20, 2671.7
21, 2671.7
13, 2671.8
11, 2672
22, 2672.3
1, 2672.4
19, 2672.5
27, 2672.5
31, 2672.6
14, 2672.9
3, 2673
30, 2673.1
12, 2674.7
26, 2674.7
23, 2675.2
2, 2675.6
17, 2675.7
27, 2675.7
4, 2676.3
9, 2676.3
10, 2676.7
24, 2676.9
21, 2677
22, 2677.3
1, 2677.7
19, 2677.7
15, 2677.9
31, 2678.6
3, 2678.8
14, 2678.8
18, 2679.1
26, 2679.7
12, 2679.9
27, 2680
30, 2680
28, 2681.6
9, 2683.7
5, 2683.8
22, 2686.2
10, 2686.4
27, 2686.9
21, 2687.3
19, 2687.4
1, 2687.9
26, 2688
23, 2688.3
12, 2689.6
17, 2690.6
2, 2690.9
3, 2691.6
14, 2691.7
31, 2692
13, 2692.2
4, 2694.3
20, 2695.6
27, 2700.7
9, 2702
30, 2702.3
26, 2712.2
27, 2715.1
12, 2715.3
9, 2715.6
1, 2715.8
22, 2715.8
14, 2716
19, 2716
3, 2716.1
10, 2716.1
21, 2716.1
26, 2716.1
31, 2716.3
30, 2716.5
23, 2717.3
2, 2717.5
4, 2717.6
17, 2717.6
24, 2717.8
27, 2718.4
15, 2718.5
18, 2718.7
28, 2719.3
5, 2719.6
12, 2719.8
13, 2720.5
20, 2720.5
11, 2720.8
26, 2720.8
9, 2720.9
22, 2721.6
19, 2722
1, 2722.1
3, 2722.6
14, 2722.6
10, 2723
27, 2723
21, 2723.2
31, 2723.3
30, 2724.5
12, 2727.1
26, 2728.3
23, 2730
27, 2730.4
9, 2731.1
17, 2732.4
2, 2732.7
22, 2733.1
4, 2734.4
24, 2735.9
19, 2736.1
1, 2737.6
3, 2741.3
14, 2741.6
27, 2746.3
12, 2746.4
26, 2746.4
10, 2746.5
9, 2747
21, 2747.2
31, 2747.3
22, 2747.5
1, 2747.6
19, 2747.7
30, 2747.8
14, 2748.1
3, 2748.2
23, 2748.8
2, 2749.1
17, 2749.1
4, 2749.3
27, 2749.5
24, 2749.7
15, 2749.9
18, 2750.1
26, 2750.3
12, 2750.8
28, 2750.8
5, 2751.1
13, 2751.8
20, 2751.8
9, 2751.9
11, 2752
10, 2752.1
22, 2752.5
27, 2752.5
1, 2752.6
19, 2752.7
21, 2752.7
31, 2752.7
14, 2753.1
3, 2753.2
30, 2753.4
26, 2753.5
12, 2754.2
23, 2755.2
2, 2755.6
17, 2755.7
27, 2755.7
9, 2756.2
4, 2756.3
24, 2756.6
10, 2757.3
22, 2757.3
26, 2757.7
1, 2757.8
19, 2757.8
15, 2757.9
21, 2758.4
31, 2758.5
18, 2758.8
14, 2758.9
3, 2759
12, 2759
27, 2759.9
30, 2760.1
28, 2760.8
5, 2763.1
9, 2763.4
26, 2764.2
22, 2765.6
27, 2766.3
19, 2767.2
10, 2767.3
23, 2767.3
12, 2767.5
1, 2767.9
17, 2769.5
13, 2769.6
2, 2769.9
21, 2770.3
31, 2771
3, 2771.3
14, 2771.4
20, 2771.4
4, 2773.5
26, 2776.7
27, 2778.8
24, 2779.5
30, 2779.9
9, 2782
27, 2796.1
12, 2796.2
26, 2796.3
9, 2796.6
1, 2796.8
22, 2796.9
14, 2797
19, 2797
3, 2797.1
10, 2797.1
21, 2797.1
31, 2797.3
30, 2797.5
23, 2798.3
2, 2798.5
17, 2798.5
4, 2798.7
24, 2799.1
27, 2799.4
15, 2799.6
18, 2799.6
26, 2800.4
28, 2800.4
12, 2800.6
5, 2800.7
20, 2801.3
13, 2801.5
11, 2801.8
9, 2801.9
22, 2802.6
19, 2803
1, 2803.1
14, 2803.6
3, 2803.9
10, 2804
21, 2804
27, 2804
31, 2804.3
30, 2805.6
26, 2807
12, 2808
23, 2811.1
27, 2811.4
9, 2812.3
17, 2813
2, 2813.8
22, 2814.4
4, 2816.7
19, 2817.1
1, 2818.7
24, 2820.5
26, 2821.5
14, 2823.2
3, 2824.3
21, 2828.9
10, 2829.6
27, 2829.6
12, 2831.2
27, 2839.7
26, 2839.9
9, 2840
12, 2840.1
1, 2840.4
14, 2840.5
19, 2840.5
22, 2840.5
3, 2840.7
31, 2840.7
10, 2840.8
21, 2840.8
30, 2841
23, 2841.8
2, 2842
17, 2842.1
4, 2842.3
24, 2842.6
27, 2843
15, 2843.1
18, 2843.2
28, 2843.9
26, 2844.1
5, 2844.2
12, 2844.7
20, 2845
13, 2845.1
9, 2845.3
11, 2845.3
22, 2846.3
1, 2846.6
19, 2846.7
14, 2847.3
3, 2847.4
27, 2847.6
10, 2847.9
21, 2847.9
31, 2847.9
30, 2848.8
26, 2850.7
12, 2852.6
23, 2855.2
9, 2855.3
27, 2855.3
17, 2857.7
2, 2858.1
22, 2858.6
19, 2861.5
1, 2862.4
4, 2862.5
26, 2866.2
24, 2867.6
3, 2868.6
14, 2870.8
27, 2875.8
27, 2893.6
12, 2893.8
26, 2893.8
9, 2894
1, 2894.3
14, 2894.4
22, 2894.4
19, 2894.5
3, 2894.6
10, 2894.6
21, 2894.6
31, 2894.7
30, 2894.9
23, 2895.8
2, 2896
17, 2896.1
4, 2896.3
24, 2896.5
27, 2896.9
15, 2897.1
18, 2897.2
28, 2897.9
26, 2898
5, 2898.2
12, 2898.3
20, 2899
13, 2899.1
11, 2899.3
9, 2899.4
22, 2900.4
1, 2900.5
19, 2900.6
14, 2901.2
3, 2901.3
21, 2901.6
10, 2901.7
27, 2901.7
31, 2902
30, 2903
26, 2904.8
12, 2906
23, 2909.2
27, 2909.4
9, 2909.8
17, 2911.9
2, 2912.2
22, 2913.7
19, 2915.6
1, 2916.6
4, 2920
26, 2921.4
3, 2923.6
24, 2924.2
14, 2926.4
27, 2931.9
27, 3132.3
26, 3132.5
12, 3132.6
9, 3132.8
1, 3133.1
22, 3133.2
14, 3133.3
19, 3133.3
3, 3133.4
10, 3133.5
21, 3133.5
31, 3133.6
30, 3133.9
23, 3134.9
2, 3135.2
17, 3135.3
4, 3135.6
27, 3135.8
24, 3135.9
15, 3136.8
26, 3136.9
18, 3137
12, 3137.5
28, 3138.1
9, 3138.2
5, 3138.6
1, 3138.8
22, 3138.8
19, 3139
27, 3139
14, 3139.1
3, 3139.2
10, 3139.4
21, 3139.4
31, 3139.5
13, 3139.8
20, 3139.9
30, 3140
11, 3140.1
26, 3140.1
12, 3141.1
23, 3141.9
27, 3142.2
2, 3142.3
17, 3142.4
9, 3142.7
4, 3143.2
24, 3143.4
22, 3143.8
1, 3144.2
19, 3144.3
26, 3144.5
3, 3145
14, 3145
10, 3145.6
21, 3145.8
31, 3145.9
15, 3146.2
27, 3146.4
12, 3146.5
30, 3147.6
18, 3147.9
9, 3150.5
26, 3151.5
27, 3153
22, 3153.5
19, 3155.6
1, 3157.1
28, 3157.8
12, 3157.9
23, 3158.1
3, 3160.6
17, 3164.1
27, 3188.9
26, 3189.1
12, 3189.2
9, 3189.4
1, 3189.8
22, 3189.8
14, 3189.9
19, 3189.9
3, 3190
10, 3190.1
21, 3190.1
31, 3190.2
30, 3190.5
23, 3191.4
2, 3191.8
17, 3191.8
4, 3191.9
27, 3192.3
24, 3192.4
15, 3193.2
18, 3193.4
26, 3193.4
12, 3193.9
28, 3194.3
9, 3195
5, 3195.1
22, 3195.9
19, 3196.5
1, 3196.6
20, 3196.8
13, 3197
27, 3197.1
3, 3197.2
14, 3197.2
10, 3197.6
21, 3197.9
31, 3198.1
11, 3198.4
30, 3199.8
26, 3200.5
12, 3202.5
27, 3205.7
9, 3208.8
26, 3212.3
27, 3212.4
12, 3212.5
22, 3212.6
1, 3212.9
19, 3213
14, 3213.1
3, 3213.2
10, 3213.2
21, 3213.2
31, 3213.4
9, 3213.5
30, 3213.7
23, 3214.1
17, 3214.6
2, 3214.7
4, 3214.9
24, 3215.4
27, 3215.8
15, 3216.3
18, 3216.4
26, 3216.4
12, 3217
28, 3217.3
5, 3217.8
22, 3217.8
1, 3218.2
9, 3218.2
19, 3218.3
14, 3218.5
20, 3218.5
3, 3218.6
27, 3218.6
10, 3218.7
21, 3218.7
31, 3218.9
13, 3219
11, 3219.4
30, 3219.4
26, 3219.6
12, 3220.6
23, 3220.8
17, 3221.4
2, 3221.5
27, 3221.6
4, 3222.2
22, 3222.4
24, 3222.6
9, 3222.9
19, 3223.4
1, 3223.5
26, 3224
3, 3224.3
14, 3224.3
10, 3224.6
21, 3224.7
31, 3225.1
15, 3225.4
12, 3225.9
27, 3225.9
18, 3226.6
30, 3226.8
22, 3230.6
26, 3230.7
9, 3230.9
28, 3231.8
27, 3232.4
19, 3233.6
23, 3234.2
1, 3235.4
12, 3236.6
17, 3236.9
3, 3237.3
10, 3240.3
21, 3241.6
14, 3243.5
27, 3261.5
26, 3262
12, 3262.1
9, 3262.2
1, 3262.6
22, 3262.7
14, 3262.8
19, 3262.8
3, 3262.9
10, 3262.9
21, 3262.9
31, 3263.1
30, 3263.3
23, 3264.3
2, 3264.6
17, 3264.6
4, 3264.7
27, 3264.8
24, 3265.2
15, 3266
26, 3266.1
18, 3266.2
12, 3266.6
28, 3267
9, 3267.7
5, 3267.9
22, 3268.8
27, 3269.2
1, 3269.3
19, 3269.4
20, 3269.5
13, 3269.6
3, 3270.1
14, 3270.1
10, 3270.2
21, 3270.5
31, 3270.9
11, 3271
30, 3272.3
26, 3273
12, 3274.9
27, 3276.9
9, 3280.5
27, 3291.8
26, 3292
12, 3292.2
22, 3292.3
9, 3292.4
1, 3292.7
14, 3292.8
19, 3292.8
21, 3292.9
3, 3293
10, 3293
31, 3293.2
30, 3293.4
23, 3294.3
2, 3294.7
17, 3294.7
4, 3294.8
27, 3295.1
24, 3295.3
15, 3296.1
26, 3296.1
18, 3296.2
12, 3296.4
9, 3296.9
28, 3297
22, 3297.1
5, 3297.4
1, 3297.5
19, 3297.6
14, 3297.7
27, 3297.8
3, 3297.9
10, 3297.9
21, 3297.9
20, 3298
31, 3298.2
13, 3298.4
11, 3298.6
30, 3298.6
26, 3299.3
12, 3300
23, 3300.7
27, 3300.9
17, 3301.4
2, 3301.5
9, 3301.5
22, 3301.9
4, 3302.3
24, 3302.8
19, 3303
1, 3303.1
14, 3303.7
3, 3303.9
10, 3304.1
26, 3304.1
21, 3304.2
31, 3304.8
27, 3305.4
12, 3305.6
30, 3306.3
15, 3306.7
18, 3308.7
9, 3309.6
22, 3311
26, 3312
27, 3312.6
19, 3314.9
1, 3317.7
12, 3318.8
23, 3319.9
3, 3320.8
27, 3340.2
26, 3340.5
12, 3340.6
9, 3340.7
1, 3341.1
22, 3341.2
14, 3341.3
19, 3341.3
3, 3341.4
10, 3341.4
21, 3341.4
31, 3341.6
30, 3341.8
23, 3342.8
2, 3343.1
17, 3343.1
4, 3343.3
27, 3343.5
24, 3343.7
15, 3344.5
18, 3344.7
26, 3344.8
12, 3345.3
28, 3345.6
9, 3346.2
5, 3346.4
22, 3347.3
1, 3347.8
19, 3347.9
20, 3348
13, 3348.1
27, 3348.2
3, 3348.6
14, 3348.6
10, 3348.8
21, 3349
31, 3349.4
11, 3349.5
30, 3350.8
26, 3351.9
12, 3353.9
27, 3356.4
9, 3358.9
27, 3371.8
26, 3371.9
12, 3372.1
9, 3372.3
22, 3372.4
1, 3372.6
14, 3372.8
19, 3372.8
3, 3372.9
10, 3372.9
21, 3373
31, 3373.1
30, 3373.4
23, 3374.2
2, 3374.6
17, 3374.6
4, 3374.8
27, 3375
24, 3375.2
26, 3376
15, 3376.1
18, 3376.2
12, 3376.6
9, 3377.1
28, 3377.1
5, 3377.5
22, 3377.5
1, 3377.7
19, 3377.8
27, 3377.8
14, 3378
3, 3378.1
10, 3378.1
21, 3378.2
20, 3378.4
31, 3378.4
13, 3378.5
30, 3378.8
11, 3378.9
26, 3379.2
12, 3380.2
23, 3380.6
27, 3381
2, 3381.3
17, 3381.3
9, 3381.6
4, 3382.2
22, 3382.2
24, 3382.5
19, 3382.9
1, 3383.2
26, 3383.7
3, 3384
14, 3384
10, 3384.1
21, 3384.5
31, 3384.9
27, 3385.2
12, 3385.8
15, 3386.1
30, 3386.3
18, 3387.7
9, 3389.4
26, 3391.1
22, 3391.3
27, 3392
19, 3393.9
1, 3396.6
23, 3397.1
12, 3398.2
28, 3398.8
3, 3399.7
10, 3407.3
27, 3421.2
26, 3421.5
12, 3421.6
9, 3421.7
1, 3422.1
22, 3422.2
14, 3422.3
19, 3422.3
3, 3422.4
21, 3422.4
10, 3422.5
31, 3422.6
30, 3422.8
23, 3423.8
2, 3424.1
17, 3424.1
4, 3424.4
27, 3424.5
24, 3424.7
15, 3425.6
18, 3425.7
26, 3425.8
12, 3426.3
28, 3426.7
9, 3427.2
5, 3427.4
22, 3428.3
1, 3428.8
19, 3428.9
13, 3429.1
20, 3429.1
27, 3429.2
3, 3429.6
14, 3429.6
10, 3430
21, 3430
31, 3430.4
11, 3430.5
30, 3431.8
26, 3432.9
12, 3434.9
27, 3437.4
9, 3440.1
27, 3464.8
26, 3465
12, 3465.1
9, 3465.3
1, 3465.6
22, 3465.7
14, 3465.8
19, 3465.8
3, 3465.9
21, 3465.9
10, 3466
31, 3466.1
30, 3466.4
23, 3467.3
2, 3467.6
17, 3467.6
4, 3467.9
27, 3468
24, 3468.3
15, 3469.1
18, 3469.3
26, 3469.3
12, 3469.8
28, 3470.3
9, 3470.7
5, 3471
22, 3471.8
1, 3472.3
19, 3472.4
20, 3472.6
27, 3472.7
13, 3472.8
3, 3473.1
14, 3473.1
21, 3473.5
10, 3473.6
31, 3474
11, 3474.1
30, 3475.7
26, 3476.4
12, 3478.4
27, 3481
9, 3483.8
27, 3518.7
12, 3519
26, 3519
9, 3519.2
1, 3519.6
14, 3519.7
19, 3519.7
22, 3519.7
3, 3519.9
10, 3519.9
21, 3519.9
31, 3520
30, 3520.3
23, 3521.3
2, 3521.6
17, 3521.6
4, 3521.9
27, 3522.1
24, 3522.2
15, 3523.1
26, 3523.2
18, 3523.3
12, 3523.7
28, 3524.3
9, 3524.9
5, 3525
22, 3526
19, 3526.3
1, 3526.4
13, 3526.9
20, 3526.9
14, 3527
27, 3527
3, 3527.3
10, 3527.5
21, 3527.7
31, 3527.9
11, 3528.1
30, 3529.6
26, 3530.4
12, 3532.4
27, 3535.9
9, 3539.9
27, 3757.3
12, 3757.6
26, 3757.6
9, 3757.8
1, 3758.2
14, 3758.3
19, 3758.3
22, 3758.3
3, 3758.5
10, 3758.5
31, 3758.7
30, 3758.9
2, 3760.3
17, 3760.3
23, 3760.6
4, 3760.7
6, 3760.8
27, 3760.8
24, 3760.9
21, 3761.3
18, 3762.1
26, 3762.1
12, 3762.5
9, 3763.2
5, 3763.7
1, 3763.9
22, 3763.9
19, 3764
27, 3764
14, 3764.1
3, 3764.3
10, 3764.4
31, 3764.6
13, 3765
20, 3765
30, 3765
11, 3765.2
26, 3765.4
15, 3765.8
12, 3766
27, 3767.2
2, 3767.3
17, 3767.5
9, 3767.7
23, 3768
4, 3768.3
24, 3768.5
6, 3768.7
22, 3768.9
19, 3769.3
1, 3769.4
26, 3769.8
14, 3770
21, 3770.1
3, 3770.2
10, 3770.6
12, 3771.1
31, 3771.1
27, 3771.4
30, 3772.6
18, 3773.6
9, 3775.5
26, 3776.8
27, 3778
22, 3778.7
19, 3780.6
12, 3781.6
1, 3783.2
23, 3785
3, 3785.5
17, 3785.9
27, 3813.9
26, 3814.1
12, 3814.2
9, 3814.4
1, 3814.8
22, 3814.8
14, 3814.9
19, 3814.9
3, 3815
10, 3815.1
31, 3815.2
30, 3815.5
2, 3816.7
17, 3816.7
4, 3817
27, 3817.1
24, 3817.4
21, 3817.7
18, 3818.4
26, 3818.4
12, 3818.9
9, 3820
5, 3820.1
22, 3820.9
19, 3821.5
1, 3821.7
20, 3821.7
27, 3821.8
13, 3821.9
3, 3822.2
14, 3822.2
10, 3822.7
31, 3823.1
11, 3823.4
30, 3824.8
26, 3825.5
12, 3827.5
27, 3830
9, 3833.7
26, 3837.3
27, 3837.3
12, 3837.5
22, 3837.6
1, 3837.9
19, 3838
14, 3838.1
3, 3838.2
10, 3838.2
31, 3838.4
9, 3838.5
30, 3838.7
17, 3839.6
2, 3839.7
4, 3840
23, 3840.2
6, 3840.4
24, 3840.4
21, 3840.5
27, 3840.6
18, 3841.4
26, 3841.4
12, 3842
22, 3842.8
5, 3842.9
1, 3843.2
9, 3843.2
19, 3843.3
14, 3843.5
20, 3843.5
27, 3843.5
3, 3843.6
10, 3843.7
31, 3843.9
13, 3844
11, 3844.4
30, 3844.4
15, 3844.6
26, 3844.6
12, 3845.6
17, 3846.4
2, 3846.5
27, 3846.6
23, 3847.1
4, 3847.2
22, 3847.4
24, 3847.6
9, 3847.9
6, 3848
19, 3848.4
1, 3848.5
21, 3848.7
26, 3849
3, 3849.3
14, 3849.3
10, 3849.6
31, 3850.1
12, 3850.9
27, 3850.9
18, 3851.5
30, 3851.8
22, 3855.7
26, 3855.7
9, 3855.8
27, 3857.4
19, 3858.6
1, 3860.4
12, 3861.3
17, 3861.3
3, 3862.2
23, 3866.7
14, 3868.5
10, 3869.8
4, 3879
27, 3883.8
26, 3887
12, 3887.1
9, 3887.2
27, 3887.3
1, 3887.6
22, 3887.7
14, 3887.8
19, 3887.8
3, 3887.9
10, 3888
31, 3888.1
30, 3888.3
2, 3889.6
17, 3889.6
4, 3890.1
24, 3890.2
21, 3890.6
27, 3890.7
26, 3891.1
18, 3891.2
12, 3891.6
9, 3892.7
5, 3892.9
22, 3893.8
1, 3894.3
19, 3894.4
20, 3894.4
13, 3894.6
3, 3895.1
14, 3895.1
10, 3895.5
27, 3895.8
31, 3895.9
11, 3896
30, 3897.3
26, 3898
12, 3899.9
27, 3905.3
9, 3905.4
27, 3916.9
26, 3917
12, 3917.2
22, 3917.3
9, 3917.4
1, 3917.7
14, 3917.8
19, 3917.8
3, 3918
10, 3918
31, 3918.2
30, 3918.4
2, 3919.6
17, 3919.6
4, 3919.9
23, 3920.1
27, 3920.2
24, 3920.3
6, 3920.4
21, 3920.5
26, 3920.9
18, 3921.2
12, 3921.4
9, 3921.9
22, 3922.1
5, 3922.4
1, 3922.5
19, 3922.6
14, 3922.7
27, 3922.8
3, 3922.9
10, 3923
20, 3923
31, 3923.2
13, 3923.3
11, 3923.6
30, 3923.6
26, 3924.2
15, 3924.9
12, 3925
27, 3926.1
17, 3926.4
2, 3926.5
9, 3926.5
22, 3926.9
4, 3927.3
23, 3927.4
24, 3927.8
19, 3928
1, 3928.1
6, 3928.1
14, 3928.7
3, 3928.9
26, 3928.9
10, 3929
21, 3929.7
31, 3929.8
27, 3930.5
12, 3930.7
30, 3931.3
18, 3933.7
9, 3934.6
22, 3936
26, 3936.6
27, 3937.7
19, 3939.9
1, 3942.7
12, 3943.3
3, 3945.6
23, 3945.9
27, 3965.2
26, 3965.5
12, 3965.6
9, 3965.7
1, 3966.1
22, 3966.2
14, 3966.3
19, 3966.3
3, 3966.4
10, 3966.5
31, 3966.6
30, 3966.8
2, 3968.1
17, 3968.1
4, 3968.3
27, 3968.5
24, 3968.7
21, 3969.1
18, 3969.7
26, 3969.8
12, 3970.1
9, 3971.2
5, 3971.4
22, 3972.3
1, 3972.8
19, 3972.9
20, 3973
13, 3973.1
27, 3973.2
3, 3973.6
14, 3973.6
10, 3974.1
31, 3974.4
11, 3974.5
30, 3975.8
26, 3976.8
12, 3978.4
23, 3979.8
6, 3980.1
27, 3981.4
9, 3983.9
15, 3985.3
27, 3996.8
26, 3996.9
12, 3997.1
9, 3997.3
22, 3997.4
1, 3997.6
14, 3997.8
19, 3997.8
3, 3997.9
10, 3998
31, 3998.1
30, 3998.4
2, 3999.6
17, 3999.6
23, 3999.7
4, 3999.9
27, 4000
6, 4000.1
24, 4000.2
21, 4000.6
26, 4001
18, 4001.2
12, 4001.6
9, 4002.1
22, 4002.4
5, 4002.5
1, 4002.7
19, 4002.8
27, 4002.8
14, 4003
3, 4003.1
10, 4003.2
20, 4003.4
31, 4003.4
13, 4003.5
30, 4003.8
11, 4003.9
26, 4004.2
15, 4004.8
12, 4005.2
27, 4005.9
2, 4006.3
17, 4006.3
9, 4006.6
22, 4007
4, 4007.2
23, 4007.2
24, 4007.5
6, 4007.8
19, 4007.9
1, 4008.2
26, 4008.7
3, 4009
14, 4009
10, 4009.4
21, 4009.6
31, 4009.9
27, 4010.2
12, 4010.8
30, 4011.3
18, 4012.7
9, 4014.4
22, 4015.7
26, 4016
27, 4017
19, 4018.9
1, 4021.6
23, 4022.1
12, 4022.9
3, 4024.6
17, 4034.1
27, 4046.2
26, 4046.5
12, 4046.6
9, 4046.7
1, 4047.1
22, 4047.2
14, 4047.3
19, 4047.3
3, 4047.4
10, 4047.5
31, 4047.6
30, 4047.8
2, 4049.1
17, 4049.2
4, 4049.4
27, 4049.4
24, 4049.7
21, 4050.1
18, 4050.7
26, 4050.8
12, 4051.3
9, 4052.2
5, 4052.4
22, 4053.3
1, 4053.8
19, 4053.9
13, 4054.1
20, 4054.1
27, 4054.1
3, 4054.6
14, 4054.6
10, 4055.1
31, 4055.4
11, 4055.5
30, 4056.8
26, 4057.8
23, 4058.1
6, 4058.4
12, 4059.9
27, 4062.2
15, 4063.6
9, 4065
27, 4089.8
26, 4090
12, 4090.1
9, 4090.3
1, 4090.6
22, 4090.7
14, 4090.8
19, 4090.8
3, 4090.9
10, 4091
31, 4091.1
30, 4091.4
2, 4092.6
17, 4092.6
4, 4092.9
27, 4093
24, 4093.3
21, 4093.6
18, 4094.3
26, 4094.3
12, 4094.8
9, 4095.7
5, 4096
22, 4096.8
1, 4097.3
19, 4097.4
20, 4097.6
27, 4097.7
13, 4097.8
3, 4098.1
14, 4098.1
10, 4098.6
31, 4099
11, 4099.1
30, 4100.7
26, 4101.4
12, 4103.4
27, 4106
9, 4108.8
27, 4143.7
12, 4144
26, 4144
9, 4144.2
1, 4144.6
14, 4144.7
19, 4144.7
22, 4144.7
3, 4144.9
10, 4144.9
31, 4145
30, 4145.3
2, 4146.6
17, 4146.6
4, 4146.9
27, 4147.1
24, 4147.2
21, 4147.6
26, 4148.2
18, 4148.3
12, 4148.7
9, 4149.9
5, 4150
22, 4151
19, 4151.3
1, 4151.4
13, 4151.9
20, 4151.9
14, 4152
27, 4152
3, 4152.3
10, 4152.5
31, 4152.9
11, 4153.1
30, 4154.6
26, 4155.4
12, 4157.4
27, 4160.9
9, 4164.8
27, 4382.3
12, 4382.6
26, 4382.6
1, 4383.2
14, 4383.3
21, 4383.3
22, 4383.3
3, 4383.5
10, 4383.5
9, 4383.6
31, 4383.7
30, 4383.9
19, 4384.6
11, 4384.7
2, 4385.3
17, 4385.3
23, 4385.5
4, 4385.7
6, 4385.7
27, 4385.8
24, 4385.9
18, 4387.1
26, 4387.1
12, 4387.5
28, 4388.2
5, 4388.7
1, 4388.9
22, 4388.9
27, 4389
14, 4389.1
21, 4389.2
3, 4389.3
10, 4389.4
31, 4389.6
9, 4389.7
20, 4390
30, 4390
15, 4390.3
26, 4390.4
12, 4391
19, 4391
11, 4391.7
27, 4392.2
2, 4392.3
17, 4392.5
23, 4392.6
4, 4393.3
6, 4393.3
24, 4393.5
22, 4393.9
21, 4394.3
1, 4394.4
26, 4394.8
14, 4395
3, 4395.2
10, 4395.6
12, 4396.1
31, 4396.1
27, 4396.4
9, 4397.3
30, 4397.6
18, 4398.3
28, 4399.8
26, 4402
19, 4402.1
27, 4403
22, 4403.4
21, 4403.7
12, 4405.6
3, 4407.8
1, 4408.2
17, 4409.3
14, 4409.8
11, 4410.3
27, 4438.9
26, 4439.1
12, 4439.2
1, 4439.8
22, 4439.8
14, 4439.9
3, 4440
10, 4440.1
9, 4440.2
31, 4440.2
30, 4440.5
19, 4441.1
2, 4441.7
17, 4441.7
4, 4442
27, 4442.1
21, 4442.3
24, 4442.3
26, 4443.4
18, 4443.5
12, 4443.9
5, 4444.7
22, 4445.9
23, 4446.1
6, 4446.2
11, 4446.6
1, 4446.7
27, 4446.8
3, 4447.1
14, 4447.1
20, 4447.3
10, 4447.7
31, 4448
9, 4449.5
30, 4449.8
26, 4450.5
15, 4451.5
12, 4452.4
27, 4455
19, 4455.9
26, 4462.3
27, 4462.3
12, 4462.5
22, 4462.7
1, 4462.9
14, 4463
21, 4463
3, 4463.1
10, 4463.3
9, 4463.4
31, 4463.4
30, 4463.7
11, 4464.4
17, 4464.5
2, 4464.7
19, 4464.8
23, 4464.9
4, 4465
6, 4465.1
24, 4465.3
27, 4465.6
26, 4466.4
18, 4466.5
12, 4467
5, 4467.6
28, 4467.6
22, 4467.9
1, 4468.2
14, 4468.4
21, 4468.4
3, 4468.5
27, 4468.5
10, 4468.8
31, 4468.9
20, 4469
9, 4469.1
30, 4469.4
26, 4469.6
15, 4470
12, 4470.6
19, 4470.7
11, 4470.9
17, 4471.4
2, 4471.5
27, 4471.6
4, 4472.1
24, 4472.4
22, 4472.6
23, 4472.7
6, 4472.9
21, 4473.3
1, 4473.5
14, 4474
26, 4474
3, 4474.1
10, 4474.6
31, 4475.1
12, 4475.9
27, 4475.9
9, 4476.5
30, 4476.7
18, 4476.8
28, 4479.7
26, 4480.8
22, 4481.1
19, 4482.2
21, 4482.4
27, 4482.4
3, 4485.3
1, 4485.4
12, 4485.5
17, 4485.5
14, 4486.5
11, 4488.1
5, 4489.2
10, 4490.7
31, 4493.9
27, 4509.2
26, 4511.9
12, 4512
27, 4512.3
1, 4512.6
14, 4512.7
22, 4512.7
3, 4512.9
10, 4513
9, 4513.1
31, 4513.1
30, 4513.4
19, 4514
17, 4514.5
2, 4514.6
4, 4514.9
21, 4515
24, 4515.1
27, 4515.8
26, 4516.1
18, 4516.3
12, 4516.6
5, 4517.5
23, 4517.5
6, 4517.6
22, 4518.8
11, 4519.1
1, 4519.3
14, 4519.8
3, 4520
20, 4520
10, 4520.6
27, 4520.9
31, 4520.9
9, 4522.3
15, 4522.7
30, 4522.7
26, 4522.9
12, 4524.8
19, 4528.7
27, 4530.6
27, 4541.9
26, 4542
12, 4542.1
22, 4542.5
1, 4542.7
14, 4542.8
3, 4542.9
21, 4542.9
10, 4543
9, 4543.2
31, 4543.2
30, 4543.5
19, 4544.1
11, 4544.3
2, 4544.6
17, 4544.6
4, 4544.9
23, 4544.9
6, 4545
24, 4545.2
27, 4545.2
26, 4545.9
12, 4546.3
18, 4546.3
5, 4547.2
22, 4547.3
1, 4547.5
28, 4547.6
14, 4547.7
3, 4547.8
27, 4547.8
10, 4547.9
21, 4548.1
31, 4548.2
9, 4548.4
20, 4548.4
30, 4548.7
15, 4549
26, 4549.2
19, 4549.8
12, 4550
11, 4551
27, 4551.1
17, 4551.2
2, 4551.5
23, 4551.8
22, 4552.3
6, 4552.4
4, 4552.5
24, 4552.5
1, 4553.1
21, 4553.1
3, 4553.7
14, 4553.7
26, 4553.9
10, 4554.1
31, 4554.8
27, 4555.5
12, 4555.6
9, 4556.2
30, 4556.6
18, 4559.1
28, 4559.1
26, 4561.6
19, 4562
22, 4562
21, 4562.3
27, 4562.7
12, 4566.5
3, 4567.2
1, 4567.7
14, 4570.2
17, 4575.3
11, 4579.7
27, 4590.2
12, 4590.5
26, 4590.5
1, 4591.1
14, 4591.2
22, 4591.2
3, 4591.4
10, 4591.4
9, 4591.6
31, 4591.6
30, 4591.9
19, 4592.5
17, 4593
2, 4593.1
4, 4593.4
21, 4593.5
27, 4593.5
24, 4593.6
23, 4594.7
6, 4594.8
18, 4594.8
26, 4594.8
12, 4595.1
5, 4596
22, 4597.3
1, 4597.8
11, 4598
27, 4598.2
14, 4598.3
3, 4598.5
20, 4598.5
10, 4598.8
31, 4599.4
15, 4600
9, 4600.9
30, 4601.2
26, 4601.8
12, 4603.3
21, 4603.4
27, 4606.4
19, 4607.3
28, 4607.3
11, 4610.4
21, 4615.1
27, 4621.8
26, 4621.9
12, 4622.1
22, 4622.5
1, 4622.6
14, 4622.7
3, 4622.9
10, 4623
9, 4623.1
31, 4623.1
21, 4623.2
30, 4623.4
19, 4624
11, 4624.3
17, 4624.5
2, 4624.6
4, 4624.9
23, 4624.9
6, 4625
27, 4625
24, 4625.2
26, 4626
18, 4626.3
12, 4626.4
5, 4627.3
28, 4627.3
22, 4627.5
1, 4627.7
27, 4627.8
14, 4627.9
3, 4628.1
10, 4628.2
21, 4628.4
31, 4628.4
9, 4628.6
20, 4628.6
30, 4628.8
15, 4629
26, 4629.2
19, 4629.9
12, 4630
27, 4630.9
11, 4631.1
17, 4631.2
2, 4631.3
23, 4631.8
4, 4632.2
6, 4632.4
22, 4632.4
24, 4632.4
1, 4633.2
21, 4633.3
26, 4633.7
14, 4633.8
3, 4634
10, 4634.3
31, 4634.9
27, 4635.2
12, 4635.4
9, 4636.3
30, 4636.3
28, 4637.4
18, 4637.9
26, 4641.2
19, 4641.4
22, 4641.7
27, 4642.1
21, 4642.3
12, 4645.6
1, 4646.6
3, 4647.5
11, 4648.8
14, 4649.4
17, 4651.1
27, 4671.2
12, 4671.5
26, 4671.5
1, 4672.1
14, 4672.2
22, 4672.2
3, 4672.4
10, 4672.4
9, 4672.6
31, 4672.6
30, 4672.9
19, 4673.5
17, 4674
2, 4674.1
4, 4674.4
21, 4674.5
27, 4674.5
24, 4674.7
23, 4675.3
6, 4675.4
18, 4675.8
26, 4675.8
12, 4676.1
5, 4677
22, 4678.3
11, 4678.5
1, 4678.8
27, 4679.2
14, 4679.3
3, 4679.5
20, 4679.5
10, 4679.8
31, 4680.4
15, 4680.6
9, 4681.9
21, 4682
30, 4682.2
26, 4682.8
12, 4684.3
28, 4685.5
27, 4687.4
19, 4688.4
21, 4693.3
11, 4700.8
27, 4714.8
26, 4715
12, 4715.1
1, 4715.6
22, 4715.7
14, 4715.8
3, 4715.9
10, 4716
9, 4716.1
31, 4716.1
30, 4716.4
19, 4717
2, 4717.6
17, 4717.6
4, 4718
21, 4718
27, 4718
24, 4718.2
18, 4719.3
26, 4719.3
12, 4719.6
23, 4719.7
6, 4719.8
5, 4720.7
22, 4721.8
11, 4722.2
1, 4722.3
27, 4722.7
3, 4723.1
14, 4723.1
20, 4723.1
10, 4723.6
31, 4723.9
15, 4725.2
9, 4725.4
30, 4725.7
26, 4726.4
12, 4727.9
27, 4731
19, 4732
27, 4768.7
12, 4769
26, 4769
1, 4769.6
14, 4769.7
22, 4769.7
3, 4769.8
10, 4769.9
9, 4770
31, 4770
30, 4770.3
19, 4770.9
2, 4771.6
17, 4771.6
4, 4772
27, 4772.1
24, 4772.2
21, 4772.3
26, 4773.2
18, 4773.3
12, 4773.7
5, 4774.8
22, 4776
1, 4776.4
11, 4776.8
3, 4777
14, 4777
27, 4777
20, 4777.2
10, 4777.5
31, 4777.9
9, 4779.4
30, 4779.6
26, 4780.4
12, 4782.3
27, 4785.9
19, 4787.1
27, 5007.3
12, 5007.6
26, 5007.6
1, 5008.2
21, 5008.2
22, 5008.3
3, 5008.5
10, 5008.5
18, 5008.6
9, 5008.7
31, 5008.7
30, 5008.9
19, 5009.6
11, 5009.7
2, 5010.3
17, 5010.3
23, 5010.5
4, 5010.7
6, 5010.7
27, 5010.8
24, 5010.9
26, 5012.1
12, 5012.5
14, 5013
28, 5013
5, 5013.7
21, 5013.8
1, 5013.9
22, 5013.9
27, 5014
3, 5014.3
10, 5014.4
31, 5014.6
9, 5014.8
18, 5014.8
20, 5015
30, 5015
15, 5015.3
26, 5015.4
12, 5016
19, 5016
11, 5016.4
27, 5017.2
2, 5017.3
17, 5017.5
23, 5017.7
4, 5018.3
6, 5018.3
24, 5018.4
22, 5018.9
21, 5019
1, 5019.4
26, 5019.8
3, 5020.2
10, 5020.6
12, 5021.1
18, 5021.1
31, 5021.1
27, 5021.4
9, 5022.6
30, 5022.6
26, 5027
19, 5027.2
28, 5027.8
27, 5028
22, 5028.5
21, 5028.9
12, 5031.2
3, 5032.9
1, 5033.2
17, 5035.8
10, 5036.3
27, 5050.9
27, 5063.9
26, 5064.1
12, 5064.2
1, 5064.8
22, 5064.9
3, 5065
10, 5065
9, 5065.2
31, 5065.2
30, 5065.5
19, 5066.1
2, 5066.7
17, 5066.7
4, 5067
21, 5067.1
23, 5067.3
24, 5067.3
27, 5067.3
6, 5067.4
18, 5067.9
26, 5068.4
11, 5068.9
12, 5068.9
14, 5069
5, 5069.5
22, 5071.2
1, 5071.7
20, 5072
3, 5072.1
27, 5072.1
10, 5072.3
15, 5072.8
31, 5073
21, 5073.3
28, 5073.4
9, 5074.5
30, 5074.8
26, 5075.5
12, 5077.5
27, 5080.6
19, 5080.8
26, 5087.3
27, 5087.4
12, 5087.5
21, 5087.6
22, 5087.8
1, 5087.9
3, 5088.1
10, 5088.2
18, 5088.3
31, 5088.4
9, 5088.5
30, 5088.8
11, 5089
17, 5089.5
2, 5089.7
4, 5089.8
19, 5089.8
23, 5089.9
6, 5090
24, 5090.3
27, 5090.6
26, 5091.4
12, 5092
14, 5092
28, 5092.3
5, 5092.5
21, 5093
22, 5093
1, 5093.2
3, 5093.5
27, 5093.5
10, 5093.7
18, 5093.9
20, 5093.9
31, 5093.9
9, 5094.2
30, 5094.4
15, 5094.6
26, 5094.6
12, 5095.6
19, 5095.7
11, 5096.1
17, 5096.3
2, 5096.5
27, 5096.6
4, 5097.1
23, 5097.1
21, 5097.4
6, 5097.5
24, 5097.5
22, 5097.7
1, 5098.5
26, 5099
3, 5099.1
10, 5099.6
18, 5100
31, 5100.1
12, 5100.9
27, 5100.9
9, 5101.7
30, 5101.7
28, 5102.1
21, 5104.7
26, 5105.7
14, 5105.9
22, 5106.2
19, 5107
27, 5107.3
5, 5109.3
3, 5110
1, 5110.4
11, 5110.6
17, 5110.6
12, 5111.4
10, 5112.4
27, 5129.2
26, 5136.9
27, 5136.9
12, 5137.1
1, 5137.6
22, 5137.7
3, 5137.9
10, 5137.9
31, 5138
9, 5138.1
30, 5138.4
19, 5139
21, 5139.2
2, 5139.6
17, 5139.6
4, 5139.9
27, 5140.1
24, 5140.2
18, 5140.6
23, 5140.6
6, 5140.7
11, 5140.7
26, 5141.1
12, 5141.6
14, 5141.8
5, 5142.4
22, 5143.8
1, 5144.3
20, 5144.6
27, 5144.8
28, 5144.8
3, 5145
10, 5145.2
21, 5145.5
31, 5145.6
15, 5145.9
9, 5147.4
30, 5147.7
26, 5147.9
12, 5149.9
27, 5153
19, 5153.4
26, 5166.8
27, 5166.8
12, 5167.1
21, 5167.4
1, 5167.7
22, 5167.7
3, 5167.9
10, 5168
9, 5168.2
18, 5168.2
31, 5168.2
30, 5168.5
11, 5169
19, 5169.1
2, 5169.6
17, 5169.6
23, 5169.8
4, 5169.9
6, 5169.9
27, 5170.1
24, 5170.2
26, 5170.8
12, 5171.3
14, 5171.7
5, 5172.2
28, 5172.2
22, 5172.4
1, 5172.5
21, 5172.5
3, 5172.8
27, 5172.8
10, 5172.9
31, 5173.2
20, 5173.3
9, 5173.4
18, 5173.7
30, 5173.7
15, 5173.9
26, 5174.1
19, 5174.8
12, 5175
11, 5175.5
27, 5175.9
2, 5176.3
17, 5176.3
23, 5176.7
4, 5177.3
6, 5177.3
22, 5177.4
21, 5177.5
24, 5177.8
1, 5178.1
3, 5178.7
26, 5178.8
10, 5179
18, 5179.8
31, 5179.8
27, 5180.4
12, 5180.6
9, 5181.3
30, 5181.6
28, 5185.8
26, 5186.5
19, 5186.8
21, 5186.8
22, 5187.1
27, 5187.6
3, 5191.9
1, 5192.7
12, 5192.7
10, 5194.9
27, 5215.2
26, 5215.5
12, 5215.6
1, 5216.1
22, 5216.2
3, 5216.4
10, 5216.4
9, 5216.6
31, 5216.6
30, 5216.9
21, 5217
19, 5217.5
2, 5218.1
17, 5218.1
11, 5218.3
4, 5218.4
27, 5218.5
24, 5218.7
23, 5218.8
6, 5218.9
18, 5219.2
26, 5219.6
12, 5220.1
14, 5220.5
5, 5220.9
28, 5222.1
22, 5222.3
1, 5222.8
20, 5223.2
27, 5223.2
21, 5223.4
3, 5223.5
10, 5223.7
15, 5224.1
31, 5224.4
9, 5225.9
30, 5226.2
26, 5226.4
12, 5228.4
18, 5229.2
27, 5231.4
19, 5232
26, 5246.8
27, 5246.8
12, 5247.1
21, 5247.5
1, 5247.6
22, 5247.6
18, 5247.8
3, 5247.9
10, 5247.9
9, 5248.1
31, 5248.1
30, 5248.4
11, 5249
19, 5249
2, 5249.6
17, 5249.6
4, 5249.9
23, 5249.9
6, 5250
27, 5250
24, 5250.2
26, 5250.9
12, 5251.6
14, 5251.9
28, 5252.2
5, 5252.3
22, 5252.6
1, 5252.7
21, 5252.7
27, 5252.8
3, 5253.1
10, 5253.1
31, 5253.4
20, 5253.5
9, 5253.6
18, 5253.6
15, 5253.7
30, 5253.8
26, 5254.1
19, 5254.9
12, 5255.2
11, 5255.4
27, 5255.9
2, 5256.3
17, 5256.3
23, 5256.8
4, 5257.2
24, 5257.4
6, 5257.5
21, 5257.6
22, 5257.6
1, 5258.2
26, 5258.6
3, 5259
10, 5259.1
18, 5259.4
31, 5259.9
27, 5260.2
12, 5260.8
9, 5261.3
30, 5261.3
26, 5265.9
19, 5266.3
28, 5266.4
21, 5267.1
27, 5267.1
22, 5267.2
1, 5271.6
3, 5272.3
12, 5272.8
10, 5274.5
18, 5275.4
27, 5296.2
26, 5296.5
12, 5296.6
1, 5297.1
22, 5297.2
3, 5297.4
10, 5297.4
9, 5297.6
31, 5297.6
21, 5297.7
30, 5297.9
19, 5298.5
2, 5299.1
11, 5299.1
17, 5299.1
23, 5299.3
6, 5299.4
4, 5299.5
27, 5299.5
24, 5299.7
18, 5300.3
26, 5300.6
12, 5301.1
14, 5301.6
5, 5302
28, 5302.7
22, 5303.3
1, 5303.8
21, 5304
20, 5304.2
27, 5304.2
3, 5304.6
10, 5304.7
15, 5304.7
31, 5305.4
9, 5306.9
30, 5307.2
26, 5307.4
18, 5308
12, 5309.4
27, 5312.4
19, 5313
27, 5339.8
26, 5340
12, 5340.1
1, 5340.6
22, 5340.7
3, 5340.9
10, 5341
9, 5341.1
31, 5341.1
30, 5341.4
21, 5341.7
19, 5342
2, 5342.6
17, 5342.6
23, 5342.9
4, 5343
27, 5343
6, 5343.1
11, 5343.1
24, 5343.2
18, 5343.7
26, 5344.3
12, 5344.8
14, 5345.2
5, 5345.7
22, 5346.9
28, 5347
1, 5347.3
27, 5347.7
20, 5347.9
3, 5348.1
21, 5348.1
10, 5348.5
15, 5348.5
31, 5348.9
9, 5350.4
30, 5350.7
26, 5351.4
12, 5353.4
27, 5356
19, 5356.7
27, 5393.7
26, 5393.9
12, 5394
1, 5394.6
22, 5394.7
3, 5394.8
10, 5394.9
9, 5395
31, 5395
30, 5395.3
19, 5395.9
2, 5396.6
17, 5396.6
4, 5397
27, 5397.1
21, 5397.2
24, 5397.2
23, 5397.5
6, 5397.6
18, 5398
26, 5398.2
12, 5398.7
14, 5399.3
5, 5399.8
22, 5401
1, 5401.4
11, 5401.7
3, 5402
27, 5402
20, 5402.1
10, 5402.5
31, 5402.9
15, 5403.3
9, 5404.4
30, 5404.6
26, 5405.4
12, 5407.3
19, 5410.8
27, 5410.9
22, 5632.4
11, 5632.9
27, 5632.9
1, 5633.2
21, 5633.2
26, 5633.2
12, 5633.3
3, 5633.5
10, 5633.5
18, 5633.6
31, 5633.7
14, 5633.8
30, 5633.9
19, 5634.6
15, 5635
2, 5635.3
17, 5635.3
7, 5635.4
23, 5635.5
4, 5635.7
6, 5635.7
24, 5635.9
22, 5636.3
27, 5637.8
28, 5638
11, 5638.2
9, 5638.5
5, 5638.7
26, 5638.8
1, 5638.9
21, 5638.9
12, 5639.1
3, 5639.3
10, 5639.4
18, 5639.4
22, 5639.6
31, 5639.6
20, 5640
30, 5640
14, 5640.1
19, 5641
27, 5641.4
15, 5641.9
2, 5642.3
11, 5642.3
17, 5642.5
23, 5642.7
7, 5642.8
4, 5643.3
6, 5643.3
22, 5643.4
24, 5643.5
26, 5643.8
21, 5643.9
1, 5644.4
12, 5644.6
3, 5645.2
10, 5645.6
18, 5645.8
31, 5646.1
27, 5646.8
14, 5647.4
30, 5647.6
11, 5648.9
22, 5649.2
26, 5652
19, 5652.3
28, 5652.3
21, 5653.8
1, 5656.2
15, 5656.3
17, 5656.5
27, 5658
12, 5658.1
3, 5659.5
10, 5661.4
22, 5662.2
7, 5666.5
27, 5689.5
1, 5689.7
26, 5689.7
22, 5689.8
12, 5689.9
3, 5690
21, 5690
10, 5690.1
31, 5690.2
30, 5690.5
11, 5691.1
19, 5691.1
2, 5691.7
17, 5691.7
23, 5691.9
4, 5692
6, 5692
24, 5692.3
18, 5692.5
14, 5693.8
27, 5694.3
28, 5694.5
5, 5694.8
9, 5694.8
26, 5695.7
22, 5695.8
1, 5696.3
21, 5696.4
15, 5696.6
20, 5696.9
12, 5697
3, 5697.2
10, 5697.6
31, 5698
30, 5699.8
18, 5700.3
27, 5703.1
19, 5705.3
11, 5708.4
22, 5711.5
26, 5712
1, 5712.7
21, 5712.7
27, 5712.9
12, 5713
3, 5713.1
10, 5713.2
11, 5713.3
18, 5713.4
31, 5713.4
14, 5713.5
30, 5713.8
17, 5714.5
2, 5714.6
15, 5714.7
19, 5714.7
4, 5714.9
23, 5714.9
6, 5715
7, 5715
22, 5715.1
24, 5715.3
28, 5717.1
26, 5717.2
27, 5717.3
5, 5717.6
9, 5717.6
1, 5718
11, 5718.2
21, 5718.2
12, 5718.4
22, 5718.4
3, 5718.5
10, 5718.7
20, 5718.9
31, 5718.9
14, 5719.3
18, 5719.3
30, 5719.4
19, 5720.6
27, 5720.9
15, 5721.1
2, 5721.4
17, 5721.4
26, 5721.4
7, 5721.9
22, 5721.9
23, 5721.9
4, 5722.2
6, 5722.3
11, 5722.5
24, 5722.5
21, 5722.8
1, 5723.1
12, 5723.9
3, 5724.1
10, 5724.4
18, 5725.1
31, 5725.1
27, 5726.3
14, 5726.5
30, 5726.7
22, 5727
28, 5727.3
26, 5728.5
11, 5729.6
21, 5731.1
19, 5731.6
1, 5733.2
17, 5734.1
15, 5734.9
3, 5735.8
22, 5735.9
5, 5736.2
12, 5736.3
10, 5737
27, 5737.2
18, 5741.6
31, 5744.7
7, 5750.5
27, 5762.4
1, 5762.6
22, 5762.6
26, 5762.6
12, 5762.7
3, 5762.9
10, 5762.9
21, 5763.1
31, 5763.1
30, 5763.4
19, 5764
11, 5764.1
2, 5764.5
17, 5764.5
18, 5764.6
23, 5764.7
4, 5764.8
6, 5764.8
24, 5765.2
14, 5766.5
27, 5767
5, 5767.5
9, 5767.6
28, 5767.8
22, 5768.5
26, 5768.6
15, 5769
1, 5769.2
21, 5769.4
12, 5769.6
20, 5769.8
3, 5770.1
10, 5770.2
31, 5770.9
18, 5772.5
30, 5772.7
27, 5775.6
19, 5778.3
11, 5779.4
22, 5783.9
26, 5785.9
22, 5792.1
27, 5792.5
1, 5792.6
11, 5792.6
21, 5792.6
12, 5792.8
3, 5792.9
10, 5793
18, 5793.1
26, 5793.1
31, 5793.2
14, 5793.4
30, 5793.5
19, 5794.1
15, 5794.5
2, 5794.6
17, 5794.6
4, 5794.9
6, 5794.9
23, 5794.9
7, 5795
24, 5795.2
22, 5796
27, 5796.7
28, 5797
5, 5797.2
9, 5797.2
11, 5797.3
1, 5797.4
21, 5797.6
12, 5797.7
26, 5797.7
3, 5797.8
10, 5797.9
31, 5798.2
18, 5798.3
20, 5798.3
30, 5798.7
22, 5799
14, 5799.2
19, 5799.8
27, 5800.5
15, 5801.1
17, 5801.2
2, 5801.3
11, 5801.4
23, 5801.9
7, 5802
4, 5802.3
6, 5802.6
26, 5802.7
1, 5802.8
21, 5802.8
24, 5802.8
22, 5803
12, 5803.3
3, 5803.7
10, 5804
18, 5804.6
31, 5804.8
27, 5806.3
14, 5806.4
30, 5806.6
11, 5807.7
22, 5809.2
28, 5810.5
26, 5811.6
19, 5811.8
21, 5813
1, 5814.6
15, 5816
3, 5818.1
12, 5818.1
17, 5818.2
10, 5819.9
27, 5820.3
7, 5821.7
22, 5826.1
27, 5840.9
1, 5841.1
22, 5841.1
26, 5841.1
12, 5841.2
3, 5841.4
10, 5841.4
21, 5841.4
31, 5841.6
30, 5841.9
18, 5842.3
11, 5842.4
19, 5842.5
2, 5843
17, 5843
23, 5843.3
4, 5843.4
6, 5843.4
24, 5843.7
14, 5845
27, 5845.7
5, 5846
28, 5846
9, 5846.1
22, 5847
26, 5847.1
15, 5847.6
1, 5847.7
21, 5847.7
12, 5848.1
20, 5848.3
3, 5848.6
10, 5848.7
31, 5849.4
18, 5850.2
30, 5851.2
11, 5852.6
22, 5853
27, 5854.6
7, 5854.7
14, 5854.8
19, 5857
15, 5859
11, 5861.6
22, 5861.6
26, 5865.1
22, 5872
27, 5872.4
1, 5872.6
11, 5872.6
21, 5872.6
12, 5872.7
3, 5872.9
10, 5872.9
26, 5872.9
18, 5873
31, 5873.1
14, 5873.2
30, 5873.4
19, 5874
2, 5874.5
7, 5874.5
15, 5874.5
17, 5874.5
23, 5874.8
4, 5874.9
6, 5874.9
24, 5875.2
22, 5875.8
27, 5876.9
28, 5877
5, 5877.3
9, 5877.3
11, 5877.3
21, 5877.6
1, 5877.7
12, 5877.8
26, 5877.8
3, 5878.1
10, 5878.1
18, 5878.4
31, 5878.4
20, 5878.5
30, 5878.8
22, 5879
14, 5879.2
19, 5879.9
27, 5880.7
17, 5881.2
2, 5881.3
15, 5881.3
11, 5881.4
23, 5881.7
7, 5881.9
4, 5882.2
6, 5882.3
24, 5882.4
21, 5882.8
22, 5882.8
26, 5882.9
1, 5883.1
12, 5883.4
3, 5884
10, 5884.1
18, 5884.5
31, 5884.9
14, 5886
30, 5886.3
27, 5886.5
11, 5887.7
22, 5888.6
19, 5891.3
26, 5891.7
28, 5892.1
21, 5893.1
1, 5894.9
15, 5895.2
17, 5897.2
12, 5897.3
7, 5897.4
3, 5898.5
10, 5899.5
27, 5900.3
22, 5901.3
27, 5921.9
1, 5922.1
22, 5922.1
26, 5922.1
12, 5922.2
21, 5922.2
3, 5922.4
10, 5922.4
31, 5922.6
11, 5922.9
30, 5922.9
18, 5923
19, 5923.5
17, 5924
2, 5924.1
23, 5924.3
4, 5924.4
6, 5924.4
24, 5924.7
14, 5926
28, 5926.6
27, 5926.7
5, 5927.1
9, 5927.2
22, 5928
26, 5928.1
21, 5928.4
15, 5928.6
1, 5928.7
12, 5929.1
20, 5929.4
3, 5929.6
10, 5929.7
31, 5930.4
18, 5930.7
11, 5931
30, 5932.2
7, 5933
22, 5933.1
14, 5933.8
27, 5935.6
19, 5938.2
11, 5939.4
15, 5942.4
22, 5943
26, 5948.9
27, 5965.4
1, 5965.6
22, 5965.6
21, 5965.7
26, 5965.7
12, 5965.8
3, 5965.9
10, 5966
31, 5966.1
30, 5966.4
11, 5966.7
18, 5967
19, 5967
2, 5967.6
17, 5967.6
23, 5967.9
4, 5968
6, 5968
24, 5968.2
14, 5969.5
27, 5970.2
28, 5970.2
5, 5970.7
9, 5970.8
22, 5971.5
26, 5971.9
15, 5972.1
21, 5972.1
1, 5972.2
12, 5972.9
3, 5973.1
20, 5973.1
10, 5973.3
31, 5973.9
18, 5974.8
30, 5975.7
27, 5979.1
11, 5981.8
19, 5981.8
22, 5987.1
27, 6019.3
1, 6019.6
22, 6019.6
26, 6019.6
12, 6019.7
3, 6019.9
10, 6019.9
21, 6020
31, 6020
30, 6020.3
19, 6020.9
11, 6021.2
2, 6021.5
17, 6021.6
4, 6021.9
23, 6021.9
6, 6022
24, 6022.2
18, 6022.9
14, 6023.9
27, 6024.1
5, 6024.8
28, 6024.8
9, 6024.9
22, 6025.7
26, 6025.8
1, 6026.2
21, 6026.5
12, 6026.8
15, 6026.9
20, 6027.2
3, 6027.3
10, 6027.5
31, 6027.9
30, 6029.6
27, 6033.1
19, 6035.9
22, 6048.8
11, 6050
22, 6257.3
27, 6257.9
1, 6258.2
21, 6258.2
3, 6258.5
10, 6258.5
18, 6258.5
11, 6258.6
14, 6258.7
31, 6258.7
30, 6258.9
5, 6259.1
15, 6259.9
2, 6260.3
7, 6260.3
17, 6260.3
23, 6260.5
4, 6260.7
6, 6260.7
26, 6260.7
12, 6260.8
24, 6260.9
22, 6261.3
27, 6262.8
28, 6262.9
19, 6263.5
9, 6263.6
1, 6263.9
21, 6263.9
3, 6264.3
10, 6264.4
11, 6264.4
22, 6264.4
18, 6264.5
31, 6264.6
14, 6264.7
20, 6265
30, 6265
5, 6265.5
15, 6266.5
27, 6266.5
7, 6267.2
2, 6267.3
17, 6267.5
23, 6267.7
26, 6268.1
22, 6268.2
4, 6268.3
6, 6268.3
12, 6268.5
24, 6268.5
21, 6268.9
1, 6269.4
3, 6270.2
10, 6270.6
11, 6270.8
18, 6271
31, 6271.1
27, 6271.8
14, 6272.1
30, 6272.6
5, 6273.5
22, 6274
28, 6277.3
21, 6278.5
15, 6280.1
1, 6281.3
27, 6283.7
17, 6284.6
22, 6286
3, 6287.6
26, 6290.8
27, 6314.5
1, 6314.7
21, 6314.8
22, 6314.8
3, 6315.1
10, 6315.1
18, 6315.3
31, 6315.3
30, 6315.5
2, 6316.7
17, 6316.7
4, 6317
6, 6317
23, 6317
26, 6317
12, 6317.3
24, 6317.4
14, 6317.9
11, 6318.3
22, 6318.6
28, 6319
15, 6319.1
27, 6319.3
5, 6319.5
19, 6319.9
9, 6320.1
7, 6320.8
21, 6321.2
1, 6321.3
3, 6322.5
10, 6322.6
20, 6322.7
18, 6323.1
31, 6323.4
22, 6324.1
30, 6324.8
11, 6326.4
14, 6327.5
27, 6328.2
22, 6336
1, 6337.8
21, 6337.8
27, 6337.9
3, 6338.2
10, 6338.2
18, 6338.3
31, 6338.4
11, 6338.5
14, 6338.7
30, 6338.8
5, 6338.9
15, 6338.9
22, 6339.3
7, 6339.5
17, 6339.6
2, 6339.7
26, 6339.9
4, 6340
6, 6340
23, 6340
12, 6340.3
24, 6340.4
28, 6342
27, 6342.5
19, 6342.7
9, 6342.8
1, 6343
21, 6343.1
22, 6343.3
3, 6343.6
10, 6343.7
31, 6343.9
18, 6344
20, 6344.2
30, 6344.4
11, 6344.5
5, 6344.8
14, 6344.8
15, 6346
27, 6346.2
17, 6346.4
2, 6346.5
22, 6346.6
23, 6347
26, 6347
4, 6347.2
7, 6347.2
6, 6347.3
24, 6347.6
12, 6347.8
1, 6348.1
21, 6348.1
3, 6349.3
10, 6349.6
18, 6350
31, 6350.1
11, 6350.4
22, 6351.3
14, 6351.7
30, 6351.7
27, 6351.8
5, 6352.8
28, 6353.6
15, 6356.8
21, 6357.1
1, 6358.1
22, 6359
17, 6360.5
7, 6362.2
3, 6363.4
26, 6363.4
27, 6364.2
11, 6365
18, 6367
10, 6367.2
2, 6377.6
27, 6387.4
22, 6387.5
1, 6387.6
21, 6387.6
3, 6387.9
10, 6387.9
31, 6388.1
18, 6388.4
30, 6388.4
17, 6389.5
2, 6389.7
6, 6389.8
26, 6389.8
4, 6389.9
14, 6389.9
23, 6389.9
11, 6390
12, 6390.1
24, 6390.2
15, 6390.9
22, 6391.2
28, 6391.8
5, 6392.1
27, 6392.2
7, 6392.3
19, 6392.8
9, 6392.9
21, 6394
1, 6394.2
3, 6395.1
10, 6395.3
20, 6395.4
31, 6396
18, 6396.1
22, 6396.8
30, 6397.7
11, 6398
14, 6399.2
27, 6401.1
22, 6409.5
22, 6417.1
27, 6417.5
1, 6417.6
21, 6417.6
3, 6418
10, 6418
18, 6418
11, 6418.1
14, 6418.2
31, 6418.2
30, 6418.5
5, 6418.8
15, 6418.9
2, 6419.6
7, 6419.6
17, 6419.6
6, 6419.9
23, 6419.9
26, 6419.9
4, 6420
12, 6420.2
24, 6420.3
22, 6421
27, 6421.8
28, 6421.9
9, 6422.3
1, 6422.4
19, 6422.4
21, 6422.4
3, 6422.9
10, 6422.9
18, 6423.2
31, 6423.2
11, 6423.4
20, 6423.5
14, 6423.6
30, 6423.7
22, 6424.1
5, 6424.7
15, 6425.2
27, 6425.7
17, 6426.2
2, 6426.3
7, 6426.3
23, 6426.9
26, 6427.1
4, 6427.5
6, 6427.5
21, 6427.6
1, 6427.8
24, 6427.8
22, 6428.1
12, 6428.2
3, 6428.9
10, 6429.1
18, 6429.6
11, 6429.7
31, 6429.8
14, 6430.9
30, 6431.6
27, 6431.7
5, 6432.8
22, 6434.7
28, 6437.1
21, 6437.8
15, 6438.3
1, 6439.6
27, 6448.1
3, 6449.1
22, 6458.7
22, 6465.9
27, 6465.9
1, 6466.1
21, 6466.1
3, 6466.4
10, 6466.4
31, 6466.6
18, 6466.7
30, 6466.9
11, 6467.5
14, 6467.5
2, 6468
17, 6468
26, 6468.3
4, 6468.4
6, 6468.4
23, 6468.4
15, 6468.5
12, 6468.7
24, 6468.7
7, 6469.5
22, 6469.8
28, 6470.5
5, 6470.6
27, 6470.7
9, 6471.4
19, 6471.4
21, 6472.4
1, 6472.7
3, 6473.6
10, 6473.8
20, 6473.9
18, 6474.4
31, 6474.5
11, 6475.4
22, 6475.9
30, 6476.2
14, 6476.6
27, 6479.6
5, 6480.5
22, 6493.4
22, 6497.4
27, 6497.4
21, 6497.5
1, 6497.6
3, 6497.9
10, 6498
18, 6498
11, 6498.1
31, 6498.1
14, 6498.2
30, 6498.4
5, 6498.6
15, 6499
2, 6499.5
7, 6499.6
17, 6499.6
4, 6499.9
6, 6499.9
23, 6499.9
26, 6499.9
12, 6500.2
24, 6500.2
22, 6501.4
27, 6501.9
28, 6502
9, 6502.5
19, 6502.5
21, 6502.6
1, 6502.7
3, 6503.1
10, 6503.2
18, 6503.2
31, 6503.4
11, 6503.5
14, 6503.7
20, 6503.7
30, 6503.8
22, 6504.5
5, 6504.7
15, 6505.3
27, 6505.7
2, 6506.3
17, 6506.3
7, 6506.4
23, 6506.9
26, 6507.1
4, 6507.2
6, 6507.3
24, 6507.6
21, 6507.7
12, 6507.9
1, 6508.1
22, 6508.8
3, 6509
10, 6509.3
18, 6509.6
11, 6509.9
31, 6509.9
14, 6511
30, 6511.3
27, 6511.5
5, 6512.2
22, 6515.8
28, 6516.1
21, 6517.6
15, 6518.4
1, 6519.9
27, 6525.4
3, 6526.3
17, 6528
22, 6546.6
27, 6546.9
1, 6547.1
21, 6547.1
3, 6547.4
10, 6547.4
18, 6547.5
31, 6547.6
30, 6547.9
11, 6548.2
14, 6548.2
2, 6549.1
17, 6549.1
15, 6549.3
4, 6549.4
6, 6549.4
23, 6549.4
26, 6549.4
12, 6549.7
24, 6549.8
7, 6550.1
22, 6550.5
28, 6551.5
5, 6551.6
27, 6551.7
9, 6552.4
19, 6552.4
21, 6553.4
1, 6553.7
3, 6554.6
10, 6554.8
20, 6554.9
18, 6555.3
31, 6555.5
11, 6556.1
22, 6556.5
14, 6557.2
30, 6557.2
5, 6559.8
27, 6560.6
22, 6572.5
22, 6590.4
27, 6590.4
1, 6590.6
21, 6590.7
3, 6590.9
10, 6591
18, 6591
31, 6591.1
30, 6591.4
14, 6592.3
11, 6592.4
2, 6592.6
17, 6592.6
6, 6592.9
23, 6592.9
4, 6593
26, 6593
12, 6593.2
24, 6593.3
15, 6593.4
22, 6594.3
7, 6594.4
5, 6595.1
28, 6595.1
27, 6595.2
19, 6595.9
9, 6596
1, 6597.2
21, 6597.2
3, 6598.1
20, 6598.4
10, 6598.6
18, 6598.7
31, 6599
22, 6600.3
11, 6600.5
30, 6600.7
14, 6601.5
27, 6604.2
22, 6616.9
27, 6644.3
1, 6644.6
22, 6644.6
21, 6644.7
3, 6644.9
10, 6644.9
31, 6645.1
18, 6645.3
30, 6645.3
2, 6646.5
17, 6646.6
23, 6646.9
26, 6646.9
4, 6647
6, 6647
12, 6647.1
24, 6647.2
14, 6648.8
27, 6649.1
28, 6649.2
5, 6649.4
19, 6649.9
9, 6650
22, 6650.6
11, 6650.9
1, 6651.2
21, 6651.2
15, 6651.5
3, 6652.3
10, 6652.5
20, 6652.5
18, 6653.2
31, 6653.2
30, 6654.6
27, 6658.1
22, 6668.8
22, 6882.3
21, 6883.2
3, 6883.5
11, 6883.6
14, 6883.7
31, 6883.7
27, 6883.8
30, 6883.9
5, 6884.1
15, 6884.9
0, 6885
1, 6885.2
2, 6885.3
7, 6885.3
17, 6885.3
23, 6885.5
4, 6885.7
6, 6885.7
26, 6885.7
12, 6885.8
19, 6886.1
18, 6886.2
22, 6886.3
10, 6887.8
28, 6887.9
21, 6888.9
3, 6889.3
22, 6889.4
11, 6889.5
31, 6889.6
14, 6889.7
27, 6889.7
20, 6890
30, 6890
5, 6890.2
15, 6891.5
0, 6892.2
1, 6892.3
2, 6892.3
7, 6892.3
17, 6892.5
23, 6892.7
22, 6893.2
4, 6893.3
6, 6893.3
26, 6893.3
12, 6893.7
21, 6893.9
19, 6894
18, 6894.8
3, 6895.2
11, 6896
27, 6896.1
31, 6896.1
14, 6897
30, 6897.6
5, 6898.5
22, 6899
28, 6902.3
21, 6903.3
10, 6904.5
15, 6905
17, 6909.5
22, 6911.4
0, 6912.6
3, 6912.8
27, 6924.7
22, 6939
21, 6939.8
3, 6940.1
31, 6940.3
11, 6940.4
27, 6940.4
14, 6940.5
30, 6940.5
1, 6941.6
15, 6941.6
2, 6941.7
17, 6941.7
4, 6941.9
6, 6941.9
26, 6941.9
23, 6942
7, 6942.1
12, 6942.3
18, 6942.6
22, 6942.9
5, 6943.3
10, 6944
28, 6944
21, 6946.2
3, 6947.5
20, 6947.7
27, 6948.1
11, 6948.3
31, 6948.4
22, 6949
14, 6949.5
30, 6949.8
5, 6953.8
22, 6961.8
21, 6962.7
3, 6963.2
11, 6963.3
14, 6963.5
27, 6963.5
31, 6963.5
15, 6963.6
30, 6963.8
5, 6964.1
1, 6964.5
7, 6964.6
17, 6964.6
0, 6964.7
2, 6964.7
26, 6964.8
4, 6964.9
6, 6965
23, 6965
12, 6965.3
22, 6965.4
18, 6965.6
19, 6965.7
10, 6967
28, 6967.1
21, 6968
3, 6968.6
22, 6968.7
27, 6969
31, 6969
11, 6969.1
20, 6969.2
14, 6969.4
30, 6969.4
5, 6970.3
15, 6970.5
0, 6971.3
1, 6971.4
17, 6971.4
2, 6971.5
7, 6971.7
23, 6971.9
26, 6971.9
4, 6972.1
6, 6972.3
22, 6972.3
12, 6972.8
21, 6972.9
19, 6973.5
18, 6973.9
3, 6974.3
27, 6975.1
11, 6975.2
31, 6975.3
14, 6976.4
30, 6976.7
22, 6977.6
5, 6977.9
28, 6978.6
10, 6980.5
15, 6981.3
21, 6981.6
17, 6985.3
22, 6987.4
26, 6987.7
3, 6988.4
0, 6989.5
7, 6989.6
27, 6990.5
11, 6995
4, 6999.2
22, 7012
21, 7012.6
3, 7012.9
31, 7013.1
27, 7013.2
30, 7013.4
14, 7013.5
11, 7013.6
1, 7014.5
2, 7014.5
17, 7014.6
15, 7014.7
26, 7014.7
4, 7014.8
6, 7014.8
23, 7014.8
12, 7015.1
5, 7015.2
7, 7015.4
18, 7015.4
22, 7015.8
10, 7016.8
28, 7016.9
21, 7018.9
3, 7020.1
20, 7020.4
27, 7020.8
31, 7021
11, 7021.5
22, 7021.7
14, 7022.5
30, 7022.7
5, 7025.4
22, 7036.7
22, 7042.2
21, 7042.6
3, 7043
11, 7043.1
14, 7043.2
31, 7043.2
27, 7043.3
30, 7043.5
5, 7043.6
15, 7043.7
1, 7044.5
2, 7044.6
7, 7044.6
17, 7044.6
0, 7044.7
4, 7044.8
26, 7044.8
6, 7044.9
23, 7044.9
12, 7045.2
18, 7045.5
19, 7045.8
22, 7046.1
10, 7046.8
28, 7046.9
21, 7047.4
3, 7047.9
31, 7048.2
11, 7048.3
27, 7048.3
14, 7048.5
20, 7048.5
30, 7048.7
5, 7049.1
22, 7049.1
15, 7050
7, 7051.2
17, 7051.2
2, 7051.3
1, 7051.5
0, 7051.6
23, 7051.9
26, 7051.9
4, 7052.1
6, 7052.4
21, 7052.6
12, 7053.2
22, 7053.2
19, 7053.5
3, 7053.9
11, 7054.7
27, 7054.7
31, 7054.8
18, 7055.1
14, 7055.8
30, 7056.6
5, 7057.2
22, 7059.9
21, 7062.6
28, 7062.8
15, 7063.1
0, 7068.5
10, 7069.5
3, 7074.2
22, 7090.4
21, 7091.1
3, 7091.4
31, 7091.6
27, 7091.7
11, 7091.8
14, 7091.9
30, 7091.9
5, 7092.8
1, 7093
2, 7093
15, 7093
17, 7093
4, 7093.3
6, 7093.3
23, 7093.3
26, 7093.3
7, 7093.6
12, 7093.7
18, 7094
22, 7094.1
10, 7095.4
28, 7095.5
21, 7097.4
3, 7098.6
20, 7098.9
27, 7099.3
31, 7099.5
11, 7099.6
22, 7099.9
14, 7100.8
30, 7101.2
5, 7102.8
0, 7104.3
19, 7105.4
22, 7114
22, 7122
21, 7122.5
3, 7122.9
11, 7123.1
31, 7123.1
14, 7123.2
27, 7123.2
30, 7123.4
5, 7123.5
15, 7123.5
0, 7124.1
1, 7124.5
2, 7124.6
17, 7124.6
7, 7124.7
4, 7124.8
23, 7124.8
26, 7124.8
6, 7124.9
12, 7125.2
18, 7125.5
19, 7125.5
22, 7125.9
10, 7126.9
28, 7127
21, 7127.6
3, 7128.1
11, 7128.3
31, 7128.4
14, 7128.5
27, 7128.5
20, 7128.7
30, 7128.8
22, 7128.9
5, 7129.1
15, 7129.9
1, 7131.3
2, 7131.3
7, 7131.3
17, 7131.3
0, 7131.5
23, 7131.9
26, 7131.9
4, 7132
6, 7132.3
21, 7132.7
12, 7132.9
22, 7133
19, 7133.3
3, 7134
18, 7134.3
11, 7134.8
27, 7134.8
31, 7134.9
14, 7135.8
30, 7136.3
5, 7137.1
22, 7139.5
28, 7141.1
21, 7142.4
15, 7142.8
0, 7145.2
10, 7146.1
3, 7151.3
17, 7153
22, 7160.2
22, 7171.3
21, 7172.1
3, 7172.4
11, 7172.5
14, 7172.6
31, 7172.6
27, 7172.7
30, 7172.9
5, 7173.6
15, 7173.7
1, 7174
2, 7174.1
7, 7174.1
17, 7174.1
4, 7174.3
26, 7174.3
6, 7174.4
23, 7174.4
12, 7174.7
18, 7175
22, 7175.2
10, 7176.5
28, 7176.5
21, 7178.4
3, 7179.6
20, 7179.9
27, 7180.3
11, 7180.4
31, 7180.5
22, 7181.2
14, 7181.4
30, 7182.2
0, 7182.6
5, 7183.7
19, 7183.7
22, 7197.5
15, 7210.6
22, 7214.8
21, 7215.7
3, 7215.9
11, 7216.1
31, 7216.1
14, 7216.2
27, 7216.3
30, 7216.4
1, 7217.6
2, 7217.6
5, 7217.6
17, 7217.6
7, 7217.7
4, 7217.9
6, 7217.9
23, 7217.9
26, 7217.9
12, 7218.2
15, 7218.3
18, 7218.6
22, 7218.7
10, 7220.1
28, 7220.1
21, 7222.2
3, 7223.1
20, 7223.5
11, 7224
31, 7224
27, 7224.1
22, 7224.7
14, 7225.2
30, 7225.7
5, 7227.8
22, 7241.3
22, 7269
21, 7269.7
3, 7269.9
31, 7270.1
27, 7270.2
30, 7270.3
11, 7270.5
14, 7270.5
1, 7271.5
2, 7271.5
15, 7271.6
17, 7271.6
23, 7271.8
4, 7271.9
6, 7271.9
26, 7271.9
12, 7272.1
7, 7272.3
18, 7272.6
22, 7272.8
10, 7274.1
28, 7274.2
5, 7274.3
21, 7276.2
3, 7277.3
20, 7277.5
27, 7278.1
31, 7278.2
11, 7278.6
22, 7278.9
30, 7279.6
14, 7279.7
22, 7297.5
21, 7507.6
5, 7507.8
22, 7508
11, 7508.6
14, 7508.7
31, 7508.7
27, 7508.8
18, 7508.9
30, 7508.9
0, 7509.9
15, 7509.9
3, 7510.3
7, 7510.3
12, 7510.3
17, 7510.3
23, 7510.5
6, 7510.7
19, 7511
2, 7511.6
13, 7511.7
21, 7512.1
5, 7512.7
28, 7512.9
22, 7513.5
11, 7514.5
31, 7514.6
14, 7514.7
20, 7515
30, 7515
27, 7515.1
18, 7515.2
21, 7515.4
5, 7516.3
15, 7516.5
0, 7516.7
3, 7517.3
7, 7517.3
17, 7517.5
23, 7517.7
12, 7517.8
6, 7518.3
22, 7518.4
19, 7518.8
21, 7519.9
2, 7520.1
13, 7520.3
11, 7521
31, 7521.1
5, 7521.6
27, 7521.8
14, 7522
30, 7522.6
18, 7522.9
28, 7526.1
21, 7527.3
22, 7527.3
15, 7529.7
5, 7532.5
7, 7538.5
17, 7546.2
22, 7564.5
21, 7564.7
11, 7565.1
14, 7565.2
31, 7565.2
30, 7565.5
5, 7565.7
15, 7566.4
7, 7566.7
17, 7566.7
3, 7566.8
6, 7566.9
23, 7567
18, 7567.4
27, 7569
28, 7569.1
0, 7570.4
22, 7570.5
21, 7570.9
19, 7571.5
20, 7572.7
11, 7572.9
31, 7573.1
14, 7574
30, 7574.7
5, 7574.9
21, 7586.9
22, 7587.2
5, 7587.6
11, 7588.3
14, 7588.4
31, 7588.4
27, 7588.5
18, 7588.6
30, 7588.7
0, 7588.9
15, 7588.9
7, 7589.6
17, 7589.6
3, 7589.8
6, 7589.9
12, 7589.9
23, 7590
19, 7590.5
21, 7590.9
2, 7591.1
13, 7591.1
28, 7592.1
5, 7592.2
22, 7592.4
11, 7593.8
31, 7593.9
14, 7594
20, 7594.2
21, 7594.2
27, 7594.2
30, 7594.3
18, 7594.4
15, 7595.5
5, 7595.7
7, 7596.3
17, 7596.4
0, 7596.6
3, 7596.6
12, 7596.9
22, 7596.9
23, 7596.9
6, 7597.1
21, 7598.2
19, 7598.5
2, 7599.4
13, 7599.4
11, 7600
31, 7600.1
27, 7600.7
5, 7600.8
14, 7600.9
30, 7601.5
18, 7601.9
28, 7603.8
22, 7604.6
21, 7604.7
15, 7607.1
0, 7608.8
5, 7610.8
7, 7611
17, 7612.4
21, 7621.6
11, 7625.3
22, 7637.3
21, 7637.5
11, 7638
14, 7638
31, 7638.1
30, 7638.3
5, 7638.7
15, 7639.2
7, 7639.4
17, 7639.6
3, 7639.7
6, 7639.7
23, 7639.8
18, 7640.2
27, 7641.7
0, 7641.9
28, 7642
19, 7643
22, 7643.3
21, 7643.5
20, 7645.4
11, 7645.9
31, 7646
14, 7646.7
30, 7647.2
5, 7647.5
21, 7660
22, 7663.2
5, 7667.4
21, 7667.4
11, 7668.1
14, 7668.2
31, 7668.2
22, 7668.3
27, 7668.4
30, 7668.4
18, 7668.5
0, 7669.1
15, 7669.1
7, 7669.6
17, 7669.6
3, 7669.7
6, 7669.8
12, 7669.9
23, 7669.9
19, 7670.4
13, 7671
2, 7671.1
21, 7671.5
5, 7671.9
28, 7671.9
22, 7672.7
11, 7673.1
31, 7673.2
14, 7673.4
20, 7673.5
30, 7673.6
27, 7674.1
18, 7674.2
21, 7675
15, 7675.2
5, 7675.6
0, 7675.7
7, 7676.2
17, 7676.2
3, 7676.6
23, 7676.9
12, 7677.2
6, 7677.4
19, 7678
22, 7678
13, 7679.1
2, 7679.3
11, 7679.6
21, 7679.8
31, 7679.8
27, 7680.6
14, 7680.8
5, 7681
30, 7681.2
18, 7681.9
28, 7686.6
21, 7688
22, 7688.2
15, 7689.6
5, 7692.3
0, 7694.8
22, 7715.9
21, 7716
11, 7716.5
14, 7716.6
31, 7716.6
30, 7716.8
5, 7717.1
15, 7717.7
7, 7718
17, 7718
3, 7718.2
6, 7718.3
23, 7718.3
18, 7718.7
0, 7719.1
19, 7720.2
27, 7720.3
28, 7720.5
22, 7721.9
21, 7722
20, 7723.9
11, 7724.3
31, 7724.5
14, 7725.4
30, 7725.7
5, 7725.9
21, 7728.9
27, 7729.5
12, 7729.6
18, 7730.1
2, 7730.7
13, 7730.7
5, 7732.9
21, 7741
22, 7746.4
5, 7747.3
21, 7747.4
27, 7747.9
11, 7748
14, 7748.1
31, 7748.1
30, 7748.3
18, 7748.4
15, 7749
0, 7749.2
7, 7749.5
12, 7749.5
17, 7749.6
3, 7749.7
6, 7749.8
23, 7749.8
19, 7750.4
13, 7750.7
2, 7750.8
22, 7751.5
21, 7751.6
5, 7751.7
28, 7752
11, 7753.3
31, 7753.4
14, 7753.5
20, 7753.7
30, 7753.7
27, 7753.8
18, 7754.4
21, 7755
15, 7755.3
5, 7755.5
0, 7755.7
22, 7755.9
7, 7756.2
17, 7756.3
3, 7756.4
23, 7756.7
12, 7757
6, 7757.1
19, 7758.1
13, 7758.8
2, 7759
21, 7759.6
11, 7759.7
27, 7759.7
31, 7759.9
5, 7760.5
14, 7760.7
30, 7761
18, 7761.9
22, 7763.5
28, 7765.7
21, 7767.4
15, 7768.9
5, 7770.5
27, 7774.7
12, 7775.9
0, 7782.1
22, 7796.9
21, 7797
11, 7797.5
14, 7797.6
31, 7797.6
5, 7797.8
30, 7797.8
15, 7798.7
7, 7799.1
17, 7799.1
3, 7799.2
6, 7799.3
23, 7799.3
0, 7799.7
18, 7799.8
19, 7800.8
27, 7801.4
28, 7801.6
21, 7803
22, 7803
20, 7804.9
5, 7805.3
11, 7805.4
31, 7805.5
14, 7806.4
30, 7806.7
12, 7807.9
27, 7808.6
21, 7808.8
18, 7808.9
2, 7809
13, 7809
5, 7812.8
21, 7822.8
22, 7840.3
21, 7840.6
11, 7841
14, 7841.1
31, 7841.1
5, 7841.3
30, 7841.3
15, 7842.3
7, 7842.6
17, 7842.6
3, 7842.7
6, 7842.9
23, 7842.9
18, 7843.3
0, 7844.1
27, 7844.8
19, 7845.1
28, 7845.1
22, 7846.3
21, 7846.8
20, 7848.5
11, 7848.9
31, 7849
14, 7849.9
5, 7850.2
30, 7850.3
21, 7869.6
22, 7871.8
22, 7894.4
21, 7894.5
11, 7895
14, 7895.1
31, 7895.1
30, 7895.3
5, 7895.7
15, 7896.3
17, 7896.6
3, 7896.7
7, 7896.7
23, 7896.8
6, 7896.9
18, 7897.5
28, 7899.1
27, 7899.4
22, 7900.6
21, 7900.7
20, 7902.5
11, 7903
31, 7903.2
14, 7904.1
30, 7904.5
5, 7905.1
22, 8133
21, 8133.3
5, 8133.4
11, 8133.6
14, 8133.7
18, 8133.8
27, 8133.8
0, 8134.9
15, 8134.9
7, 8135.3
12, 8135.3
23, 8135.5
6, 8135.6
19, 8136
8, 8136.3
2, 8136.5
13, 8136.5
24, 8137.3
28, 8137.9
31, 8138.4
22, 8138.6
21, 8139
5, 8139.1
30, 8139.4
11, 8139.5
14, 8139.7
27, 8139.7
16, 8140
18, 8140
17, 8140.5
15, 8141.5
0, 8141.7
7, 8142.3
12, 8142.4
23, 8142.7
6, 8143.3
22, 8143.4
19, 8143.8
21, 8144.5
5, 8144.8
8, 8145.1
2, 8145.3
13, 8145.3
11, 8146
27, 8146.5
14, 8147
18, 8148
24, 8148.4
28, 8151
22, 8152.3
15, 8154.7
21, 8155.1
5, 8161.1
7, 8165.5
22, 8189.6
11, 8190.1
14, 8190.2
15, 8191.4
21, 8191.4
7, 8191.7
0, 8191.8
6, 8191.9
23, 8192
18, 8192.2
5, 8192.6
19, 8192.8
27, 8193.1
28, 8194.2
31, 8195
22, 8195.6
30, 8195.8
12, 8195.9
13, 8196.7
2, 8196.9
21, 8197.6
11, 8198
14, 8199
5, 8199.7
18, 8201.3
27, 8201.5
22, 8212.3
21, 8212.7
5, 8213.2
11, 8213.3
14, 8213.4
18, 8213.7
27, 8213.7
15, 8213.8
0, 8214.1
7, 8214.3
12, 8214.7
6, 8215
23, 8215
19, 8215.4
13, 8215.7
2, 8215.8
8, 8215.9
28, 8216.7
24, 8216.9
22, 8217.5
31, 8217.8
21, 8218.2
30, 8218.4
16, 8218.6
11, 8218.8
5, 8219
14, 8219
17, 8219.2
18, 8219.8
27, 8219.8
15, 8220.4
7, 8221.1
0, 8221.2
23, 8221.9
22, 8222.1
6, 8222.3
12, 8222.4
21, 8222.9
19, 8223
13, 8223.9
5, 8224
2, 8224.1
8, 8224.8
11, 8225
14, 8225.9
27, 8226.1
18, 8227
28, 8227.4
24, 8228.5
22, 8230
21, 8231.1
15, 8232
5, 8234.7
0, 8235.7
7, 8236.1
16, 8240.6
22, 8262.4
11, 8263
14, 8263.1
21, 8263.9
15, 8264.2
5, 8264.5
7, 8264.5
18, 8264.5
6, 8264.8
23, 8264.8
0, 8265
27, 8265
19, 8266.1
28, 8267
12, 8267.3
31, 8267.9
13, 8268.1
2, 8268.3
22, 8268.5
30, 8268.8
21, 8270.4
11, 8270.9
5, 8271.5
14, 8271.9
27, 8273.4
18, 8273.8
22, 8291.8
21, 8292.7
5, 8292.9
11, 8293.1
14, 8293.2
18, 8293.3
27, 8293.3
15, 8294.1
0, 8294.2
7, 8294.5
12, 8294.7
6, 8294.9
23, 8294.9
19, 8295.3
13, 8295.5
2, 8295.7
8, 8295.9
22, 8296.7
24, 8296.8
28, 8296.8
31, 8297.4
21, 8297.6
30, 8297.9
5, 8298.1
11, 8298.1
14, 8298.4
27, 8298.6
16, 8298.7
18, 8298.7
17, 8299.5
15, 8300.2
0, 8300.6
7, 8301.1
22, 8301.5
12, 8301.6
23, 8301.9
6, 8302.4
21, 8302.8
19, 8303
5, 8303.8
13, 8303.8
2, 8304.1
8, 8304.5
11, 8304.7
27, 8305.3
14, 8305.9
18, 8306.4
24, 8307.6
22, 8310.3
28, 8311.6
21, 8313.1
15, 8315.5
5, 8319.3
16, 8319.5
22, 8340.9
11, 8341.5
14, 8341.6
21, 8341.9
5, 8342.2
18, 8342.4
27, 8342.6
15, 8342.7
7, 8343.1
0, 8343.2
6, 8343.3
23, 8343.3
19, 8344.3
12, 8344.5
13, 8345.4
2, 8345.5
28, 8345.6
31, 8346.4
22, 8347
30, 8347.4
21, 8348.6
5, 8349.2
11, 8349.4
14, 8350.4
27, 8350.9
18, 8351.9
8, 8355.5
24, 8356.5
16, 8358.4
17, 8359.8
22, 8371.8
21, 8372.7
5, 8372.9
11, 8373
14, 8373.1
27, 8373.2
18, 8373.3
15, 8374.1
0, 8374.3
7, 8374.5
12, 8374.7
6, 8374.8
23, 8374.8
19, 8375.4
8, 8375.6
13, 8375.6
2, 8375.7
24, 8376.5
22, 8376.9
28, 8376.9
31, 8377.5
21, 8377.9
30, 8378.1
5, 8378.2
11, 8378.3
16, 8378.4
14, 8378.5
27, 8378.6
18, 8378.9
17, 8379.4
15, 8380.3
0, 8380.7
7, 8381.1
22, 8381.5
12, 8381.6
23, 8381.9
6, 8382.1
19, 8383.3
21, 8383.3
5, 8383.9
13, 8383.9
8, 8384
2, 8384.1
11, 8384.7
27, 8385.2
14, 8385.7
24, 8386.1
18, 8386.7
22, 8389.8
28, 8390.7
21, 8394.3
16, 8395
15, 8395.1
5, 8399.8
22, 8421.9
11, 8422.5
14, 8422.6
21, 8422.7
5, 8423
18, 8423.2
27, 8423.3
0, 8423.7
15, 8423.8
7, 8424.1
6, 8424.3
23, 8424.4
19, 8424.8
12, 8425.1
13, 8426
2, 8426.1
28, 8426.6
31, 8427.5
22, 8428
30, 8428.5
21, 8429.4
5, 8430.1
11, 8430.4
14, 8431.4
27, 8431.5
18, 8432.7
8, 8433.8
24, 8434.7
16, 8436.7
17, 8438.2
22, 8465.4
11, 8466
14, 8466.1
21, 8466.6
5, 8467
18, 8467.2
15, 8467.3
0, 8467.4
27, 8467.4
7, 8467.6
6, 8467.9
23, 8467.9
19, 8468.4
12, 8469.5
28, 8470.1
13, 8470.4
2, 8470.5
31, 8471
22, 8471.5
30, 8472.2
21, 8473.3
11, 8473.9
5, 8474.1
14, 8474.9
27, 8475.8
18, 8477
22, 8519.4
11, 8520
14, 8520.1
15, 8521.3
21, 8521.4
7, 8521.7
23, 8521.8
0, 8521.9
6, 8521.9
18, 8522.4
19, 8523
5, 8523.2
28, 8524.1
27, 8524.3
31, 8525
22, 8525.6
30, 8526.4
11, 8528
14, 8529.1
21, 8757.6
14, 8757.7
22, 8758
2, 8758.5
5, 8758.5
11, 8758.6
18, 8758.8
0, 8759.9
15, 8759.9
7, 8760.3
12, 8760.3
23, 8760.5
6, 8760.6
27, 8760.9
19, 8761
8, 8761.1
13, 8761.5
24, 8762.2
21, 8762.3
14, 8762.7
28, 8762.9
22, 8763.6
31, 8763.6
5, 8764.3
2, 8764.5
11, 8764.5
16, 8764.5
3, 8764.6
30, 8764.6
1, 8764.7
18, 8765
17, 8765.1
21, 8765.7
14, 8766.4
15, 8766.5
0, 8766.7
7, 8767.3
12, 8767.5
23, 8767.7
6, 8768.3
22, 8768.4
19, 8768.8
27, 8768.8
2, 8770.1
5, 8770.1
8, 8770.2
13, 8770.2
21, 8770.5
11, 8771
14, 8772
18, 8772.9
24, 8775
28, 8777.2
22, 8777.3
21, 8778.7
2, 8779.7
15, 8780.6
14, 8782.1
0, 8783.6
7, 8785.5
5, 8785.6
22, 8814.6
21, 8815
11, 8815.1
14, 8815.1
5, 8815.3
18, 8815.5
0, 8816.3
15, 8816.4
7, 8816.7
6, 8816.9
23, 8817
12, 8817.2
19, 8817.4
2, 8817.8
27, 8817.8
13, 8818
28, 8819.2
31, 8820.2
22, 8820.6
30, 8821.1
21, 8821.5
8, 8821.6
5, 8822.5
24, 8822.6
11, 8823
14, 8823.5
16, 8824.5
18, 8824.9
17, 8825.6
21, 8837.2
22, 8837.3
14, 8837.5
2, 8838.2
5, 8838.2
11, 8838.3
18, 8838.6
15, 8838.9
0, 8839
7, 8839.6
12, 8839.8
6, 8840
23, 8840
27, 8840.4
19, 8840.5
8, 8840.6
13, 8840.6
21, 8841.5
24, 8841.5
14, 8842.2
28, 8842.2
22, 8842.5
31, 8842.9
1, 8843.4
16, 8843.4
30, 8843.5
3, 8843.7
2, 8843.8
5, 8843.8
11, 8843.8
17, 8844.4
18, 8844.5
21, 8844.8
15, 8845.4
0, 8845.6
14, 8846
7, 8846.3
12, 8847
23, 8847
22, 8847.1
6, 8847.3
27, 8848
19, 8848.1
13, 8848.6
2, 8849.1
8, 8849.1
5, 8849.2
21, 8849.3
11, 8850
24, 8851
14, 8851.5
18, 8851.9
28, 8854.3
22, 8855
21, 8856.8
16, 8857.3
15, 8857.7
2, 8858.1
0, 8858.9
5, 8860.9
7, 8861.5
14, 8862.4
22, 8887.4
14, 8887.9
11, 8888
21, 8888
5, 8888.4
18, 8888.6
0, 8889.1
15, 8889.2
7, 8889.5
6, 8889.8
23, 8889.9
19, 8890.2
12, 8890.4
2, 8890.9
27, 8891
13, 8891.2
28, 8892
31, 8893
8, 8893.1
22, 8893.5
30, 8893.9
24, 8894
21, 8894.4
5, 8895.5
16, 8895.8
11, 8895.9
14, 8896
17, 8896.8
18, 8898
22, 8916.8
21, 8916.9
14, 8917.4
5, 8917.9
2, 8918.1
11, 8918.1
18, 8918.3
15, 8919
0, 8919.2
7, 8919.6
12, 8919.7
6, 8919.9
23, 8919.9
27, 8920.3
8, 8920.4
19, 8920.4
13, 8920.5
21, 8921.1
24, 8921.4
14, 8921.7
22, 8921.7
28, 8922
31, 8922.5
30, 8922.9
5, 8923
16, 8923
11, 8923.1
17, 8923.5
1, 8923.6
2, 8923.6
18, 8923.7
3, 8923.8
21, 8924.6
15, 8925.1
0, 8925.5
14, 8925.6
7, 8926.2
22, 8926.5
12, 8926.6
23, 8926.9
6, 8927.4
27, 8927.9
19, 8928.5
13, 8928.7
5, 8928.8
2, 8929
21, 8929.3
8, 8929.5
11, 8929.7
14, 8931.4
18, 8931.6
24, 8933.5
22, 8935.3
21, 8937.5
2, 8938.5
28, 8939.5
15, 8940.3
14, 8942.8
5, 8943.8
0, 8946.1
22, 8965.9
21, 8966.3
14, 8966.4
11, 8966.5
5, 8966.7
18, 8967
0, 8967.7
15, 8967.7
7, 8968
6, 8968.3
23, 8968.4
12, 8968.6
19, 8968.8
2, 8969.1
27, 8969.3
13, 8969.4
8, 8970.3
28, 8970.5
24, 8971.2
31, 8971.5
22, 8972
30, 8972.5
21, 8972.6
16, 8973
5, 8973.8
17, 8974.2
11, 8974.4
14, 8974.5
18, 8976.5
2, 8978.7
21, 8979.3
14, 8981.2
1, 8983.3
3, 8983.6
2, 8993.4
21, 8993.9
22, 8996.8
14, 8997.1
5, 8997.9
21, 8997.9
11, 8998
18, 8998.3
2, 8998.9
15, 8999
0, 8999.2
7, 8999.5
12, 8999.7
6, 8999.8
23, 8999.9
19, 9000.3
8, 9000.4
27, 9000.4
13, 9000.6
24, 9001.4
14, 9001.6
22, 9001.9
28, 9002
21, 9002.1
31, 9002.6
5, 9003
16, 9003
30, 9003.1
1, 9003.3
11, 9003.3
3, 9003.5
17, 9003.6
18, 9003.8
2, 9004.1
15, 9005.2
14, 9005.5
0, 9005.6
21, 9005.7
7, 9006.1
12, 9006.6
22, 9006.6
23, 9006.9
6, 9007.1
19, 9008.1
27, 9008.3
5, 9008.7
13, 9009.2
8, 9009.6
2, 9009.7
11, 9009.8
14, 9010.9
21, 9010.9
18, 9011.8
24, 9013.8
22, 9015.1
28, 9016.8
2, 9020
15, 9020.1
21, 9020.2
14, 9021
5, 9023
0, 9023.8
7, 9032.4
1, 9033
22, 9046.9
21, 9047.1
5, 9047.4
14, 9047.4
11, 9047.5
18, 9047.8
0, 9048.7
15, 9048.7
7, 9049.1
12, 9049.1
6, 9049.3
23, 9049.4
2, 9049.6
19, 9049.8
27, 9049.8
13, 9050
8, 9050.9
28, 9051.6
24, 9051.8
31, 9052.5
22, 9053
21, 9053.4
30, 9053.6
16, 9053.7
5, 9054.4
14, 9054.9
17, 9054.9
11, 9055.4
2, 9057.3
18, 9057.4
21, 9059.7
1, 9061.6
3, 9061.9
14, 9062.7
2, 9071.5
22, 9090.4
21, 9090.5
14, 9090.9
5, 9091
11, 9091
18, 9091.3
0, 9092.2
15, 9092.3
7, 9092.6
12, 9092.8
6, 9092.9
23, 9092.9
2, 9093.3
19, 9093.3
27, 9093.4
13, 9093.7
28, 9095.1
8, 9095.2
31, 9096
24, 9096.2
22, 9096.5
21, 9096.6
30, 9097.3
5, 9098.1
16, 9098.3
11, 9098.9
14, 9099
17, 9099.5
18, 9100.8
22, 9144.4
11, 9145
14, 9145
21, 9145
5, 9145.3
18, 9145.5
15, 9146.2
0, 9146.3
7, 9146.6
23, 9146.8
6, 9146.9
12, 9147.3
19, 9147.4
27, 9148
2, 9148.1
13, 9148.3
28, 9149.1
31, 9150
22, 9150.6
21, 9151.4
30, 9151.4
5, 9152.5
11, 9153.1
14, 9153.7
18, 9155.2
21, 9382.6
5, 9382.7
2, 9383.4
14, 9383.5
11, 9383.6
18, 9383.8
0, 9384.9
15, 9384.9
22, 9384.9
30, 9385.2
31, 9385.2
7, 9385.3
12, 9385.3
23, 9385.5
6, 9385.6
19, 9386
27, 9386
8, 9386.1
13, 9386.5
21, 9387.1
24, 9387.2
5, 9387.3
28, 9387.9
2, 9389.1
3, 9389.1
1, 9389.2
14, 9389.3
11, 9389.5
16, 9389.5
18, 9389.9
17, 9390.1
21, 9390.5
5, 9390.7
15, 9391.5
0, 9391.7
22, 9392
7, 9392.3
12, 9392.5
30, 9392.5
31, 9392.6
23, 9392.7
6, 9393.3
19, 9393.8
27, 9393.8
2, 9394.7
8, 9395.1
21, 9395.1
13, 9395.2
5, 9395.3
14, 9395.5
11, 9396
18, 9397.7
24, 9399.7
28, 9402.2
5, 9403.1
21, 9403.2
2, 9404.5
15, 9405.6
30, 9407.8
0, 9409
14, 9409.5
7, 9410.7
21, 9439.8
5, 9439.9
11, 9440.1
18, 9440.4
22, 9441.3
0, 9441.4
15, 9441.4
7, 9441.7
12, 9441.8
6, 9441.9
23, 9442
2, 9442.2
14, 9442.3
27, 9442.3
19, 9442.5
13, 9442.6
8, 9443
24, 9443.9
21, 9444.3
28, 9444.3
16, 9445.9
5, 9446.6
17, 9446.9
11, 9448
2, 9449
1, 9449.3
3, 9449.8
14, 9449.8
18, 9450
21, 9451.3
5, 9462.4
21, 9462.4
2, 9463.1
11, 9463.3
14, 9463.3
18, 9463.6
15, 9463.9
0, 9464.2
22, 9464.3
7, 9464.6
12, 9464.8
30, 9464.8
6, 9464.9
31, 9464.9
23, 9465
27, 9465.3
19, 9465.5
8, 9465.6
13, 9465.6
24, 9466.5
5, 9466.7
21, 9466.7
28, 9467.3
1, 9468.2
16, 9468.4
3, 9468.6
2, 9468.8
11, 9468.8
17, 9469
14, 9469.1
18, 9469.3
5, 9470
21, 9470.2
15, 9470.4
0, 9470.8
22, 9471.2
7, 9471.3
30, 9471.6
12, 9471.7
31, 9471.8
23, 9472
6, 9472.1
27, 9472.7
19, 9473.1
13, 9473.8
2, 9473.9
8, 9474.1
5, 9474.6
14, 9474.7
21, 9474.8
11, 9475
24, 9476.4
18, 9476.8
28, 9480
2, 9482.3
21, 9482.3
5, 9482.4
15, 9482.6
0, 9484.8
1, 9484.8
14, 9485.6
16, 9485.6
7, 9486.4
30, 9486.9
22, 9493.7
21, 9512.5
5, 9512.7
11, 9513
18, 9513.2
0, 9514.2
15, 9514.2
22, 9514.2
2, 9514.3
14, 9514.4
7, 9514.5
12, 9514.5
6, 9514.7
23, 9514.9
27, 9515
13, 9515.3
19, 9515.3
8, 9516.2
21, 9516.7
24, 9517.1
28, 9517.1
16, 9519
5, 9519.4
17, 9520.1
1, 9520.8
11, 9520.9
2, 9521.1
3, 9521.1
14, 9521.8
18, 9522.6
21, 9523.6
21, 9542
5, 9542.2
2, 9542.8
14, 9543
11, 9543.1
18, 9543.3
15, 9543.9
0, 9544.2
22, 9544.2
7, 9544.6
12, 9544.7
6, 9544.8
23, 9544.9
30, 9544.9
31, 9544.9
27, 9545.2
8, 9545.4
19, 9545.4
13, 9545.5
21, 9546.2
24, 9546.3
5, 9546.4
28, 9547
1, 9547.9
2, 9547.9
16, 9547.9
3, 9548
11, 9548.1
14, 9548.2
17, 9548.4
18, 9548.6
21, 9549.6
5, 9549.8
15, 9550
0, 9550.5
7, 9551.2
22, 9551.2
12, 9551.7
23, 9551.9
30, 9551.9
31, 9552.1
6, 9552.4
27, 9553.2
2, 9553.3
19, 9553.6
13, 9554.2
14, 9554.4
5, 9554.5
21, 9554.5
11, 9554.7
8, 9554.9
18, 9556.6
24, 9558.9
5, 9562.6
2, 9563.1
21, 9563.3
15, 9564.8
28, 9564.8
30, 9566.9
14, 9569.7
21, 9590.9
5, 9591.2
11, 9591.5
18, 9591.7
2, 9592.1
14, 9592.2
0, 9592.6
15, 9592.7
22, 9592.7
7, 9593
12, 9593.1
6, 9593.3
23, 9593.4
27, 9593.7
19, 9593.8
13, 9593.9
8, 9594.4
21, 9595.3
24, 9595.3
28, 9595.6
16, 9597.2
5, 9597.8
1, 9598.1
3, 9598.3
17, 9598.5
2, 9598.9
11, 9599.4
14, 9599.7
18, 9601
21, 9602.8
5, 9604.4
30, 9604.5
31, 9604.6
5, 9617.5
21, 9622
5, 9622.7
2, 9622.8
11, 9623
14, 9623
18, 9623.3
15, 9624
0, 9624.2
22, 9624.2
30, 9624.3
7, 9624.5
31, 9624.5
12, 9624.6
6, 9624.8
23, 9624.9
27, 9625.2
19, 9625.3
8, 9625.5
13, 9625.5
21, 9626.3
24, 9626.3
5, 9626.9
28, 9627
16, 9627.8
1, 9627.9
2, 9628
3, 9628
11, 9628.3
14, 9628.3
17, 9628.4
18, 9628.8
21, 9629.7
15, 9630.2
5, 9630.5
0, 9630.6
22, 9631
7, 9631.1
12, 9631.5
30, 9631.7
23, 9631.9
31, 9632
6, 9632.1
27, 9632.8
19, 9633.1
2, 9633.4
13, 9633.9
14, 9634.4
21, 9634.6
11, 9634.8
5, 9635.2
8, 9635.4
18, 9636.6
24, 9640
28, 9641.9
2, 9643.4
21, 9643.4
5, 9643.7
30, 9644.4
15, 9645.1
0, 9649.5
14, 9650.5
7, 9658.7
21, 9671.8
5, 9672.2
11, 9672.5
18, 9672.8
2, 9672.9
14, 9673
0, 9673.7
15, 9673.7
22, 9673.7
7, 9674.1
12, 9674.1
6, 9674.3
23, 9674.4
27, 9674.7
19, 9674.8
8, 9674.9
13, 9675
24, 9675.8
21, 9676.2
28, 9676.6
16, 9677.7
5, 9678.7
1, 9678.8
3, 9678.9
17, 9679.2
2, 9679.5
11, 9680.4
14, 9680.6
18, 9682.4
30, 9682.8
31, 9682.9
21, 9683.7
5, 9684.8
5, 9705.4
21, 9715.5
5, 9715.9
11, 9716
18, 9716.3
2, 9716.9
14, 9717
0, 9717.2
15, 9717.3
22, 9717.3
7, 9717.6
12, 9717.7
6, 9717.9
23, 9717.9
27, 9718.2
19, 9718.3
8, 9718.5
13, 9718.6
24, 9719.5
21, 9719.9
28, 9720.1
16, 9721.6
5, 9722.7
17, 9723.1
1, 9723.3
3, 9723.3
2, 9723.9
11, 9723.9
14, 9724.7
18, 9725.9
21, 9727.4
21, 9769.7
5, 9769.8
11, 9770
18, 9770.2
15, 9771.2
22, 9771.2
0, 9771.3
7, 9771.6
12, 9771.7
6, 9771.8
23, 9771.8
27, 9772.3
2, 9772.4
14, 9772.4
19, 9772.4
13, 9772.7
8, 9773.1
24, 9774
28, 9774.1
21, 9776.3
16, 9776.4
5, 9776.7
17, 9777.9
11, 9778.1
18, 9780.1
