339, 97.7
294, 99.4
298, 99.9
291, 100.8
366, 100.9
305, 101.4
339, 101.6
71, 101.7
196, 103
341, 103.5
294, 103.8
139, 104.2
3, 104.3
75, 104.5
298, 104.5
38, 105.6
366, 105.6
291, 105.7
305, 106.2
339, 106.2
71, 106.6
136, 107.8
283, 108
196, 108.2
100, 108.4
54, 108.6
131, 108.7
84, 108.7
193, 108.7
294, 108.7
341, 108.8
315, 109
180, 109.1
48, 109.2
152, 109.4
298, 109.6
139, 109.7
3, 109.8
75, 110
216, 110.2
161, 110.4
240, 110.4
223, 110.4
261, 110.6
366, 110.9
291, 111.1
38, 111.2
339, 111.2
12, 111.3
140, 111.4
122, 111.5
330, 111.7
305, 111.8
333, 111.9
126, 111.9
71, 112.1
232, 112.3
83, 112.4
266, 112.5
218, 112.7
352, 112.9
191, 113.4
258, 113.7
136, 113.8
196, 114.1
283, 114.1
100, 114.5
294, 114.5
313, 114.7
54, 114.7
131, 114.8
193, 114.8
341, 114.8
84, 114.9
51, 115
315, 115.1
180, 115.2
48, 115.3
152, 115.6
298, 115.6
139, 116
195, 116
3, 116.1
75, 116.2
216, 116.5
161, 116.7
240, 116.7
223, 116.7
261, 116.9
366, 117.1
291, 117.3
339, 117.3
12, 117.7
38, 117.8
140, 117.8
122, 117.9
330, 118.1
305, 118.2
333, 118.3
126, 118.3
71, 118.8
83, 118.9
232, 118.9
266, 119.1
218, 119.2
352, 119.6
191, 120
258, 120.6
136, 120.7
283, 121
294, 121.4
313, 121.7
196, 121.8
100, 122
131, 122.2
54, 122.2
124, 122.3
315, 122.3
48, 122.6
51, 122.6
84, 122.7
193, 122.7
181, 122.8
152, 122.9
298, 122.9
341, 122.9
180, 123.1
3, 123.4
139, 123.5
75, 124.1
223, 124.2
216, 124.3
240, 124.3
261, 124.3
195, 124.4
161, 124.6
366, 124.6
339, 125.4
122, 125.4
12, 125.5
126, 125.8
140, 125.9
291, 126
333, 126.3
330, 126.3
83, 126.7
266, 127.1
218, 127.3
232, 127.6
191, 127.6
38, 127.7
352, 128
305, 128.4
258, 129.7
71, 130.3
283, 130.6
124, 131.2
313, 131.8
131, 132.2
48, 132.4
294, 132.9
181, 133.2
136, 133.5
84, 133.6
152, 133.7
261, 133.7
3, 133.9
315, 134.1
193, 134.3
240, 134.6
139, 134.8
180, 135
126, 135.1
54, 135.3
122, 135.4
298, 135.4
12, 135.7
140, 136.1
366, 136.2
216, 136.3
223, 136.3
333, 136.5
83, 136.6
266, 137.2
191, 137.2
161, 137.4
196, 137.6
352, 138.5
100, 139.3
339, 139.5
218, 139.9
51, 141.5
330, 142.1
195, 142.5
258, 142.9
291, 145
261, 146.8
283, 148.7
126, 150.1
122, 150.5
83, 150.9
48, 151.6
191, 152.8
333, 153.4
12, 153.8
352, 157.2
339, 179.7
294, 181.9
298, 182.9
366, 184.3
339, 184.8
291, 185.7
305, 186.8
294, 187.9
71, 188
298, 189.3
339, 190.9
366, 190.9
291, 193.1
305, 195.2
294, 195.6
298, 197.6
71, 198.5
366, 199.1
339, 199.6
291, 205.4
366, 212.4
294, 214
339, 259.6
294, 262.4
298, 263.2
339, 264.6
366, 265
291, 265.3
305, 266.1
71, 267.3
3, 267.9
139, 268.3
294, 268.4
196, 268.5
341, 269.1
298, 269.5
75, 270.2
339, 270.4
366, 271.3
291, 272.2
305, 274
3, 274.8
139, 275.4
71, 275.6
196, 276.2
294, 276.4
298, 277.3
341, 277.4
75, 277.9
339, 278.5
366, 279.5
291, 281.6
3, 283.2
139, 284.3
305, 291.3
196, 291.6
75, 292.1
298, 292.1
3, 295.3
339, 322.7
339, 330.9
339, 642.5
294, 644.1
298, 644.4
291, 645.4
366, 645.4
305, 645.8
71, 646.1
339, 646.5
196, 647.4
341, 647.8
139, 648.6
294, 648.6
75, 648.8
3, 648.8
298, 649
38, 649.8
366, 650.1
291, 650.2
305, 650.8
71, 651.1
339, 651.1
136, 652
283, 652.3
100, 652.5
196, 652.6
54, 652.8
193, 652.8
131, 652.9
84, 652.9
315, 653.2
341, 653.2
180, 653.3
152, 653.4
48, 653.4
294, 653.6
139, 654.2
3, 654.2
298, 654.2
216, 654.3
75, 654.4
161, 654.5
240, 654.5
223, 654.6
261, 654.7
12, 655.3
38, 655.4
140, 655.5
366, 655.6
122, 655.6
291, 655.7
330, 655.8
333, 655.9
126, 656.1
232, 656.3
266, 656.3
305, 656.3
83, 656.4
339, 656.4
218, 656.7
71, 656.8
352, 656.9
191, 657.3
258, 657.7
136, 657.9
283, 658.3
313, 658.5
100, 658.5
196, 658.5
51, 658.6
54, 658.9
131, 659
84, 659.1
193, 659.1
315, 659.3
341, 659.4
180, 659.5
294, 659.5
152, 659.6
195, 659.7
48, 659.7
298, 660.1
139, 660.4
75, 660.6
216, 660.6
3, 660.6
161, 660.8
240, 660.8
223, 660.9
261, 661
12, 661.7
366, 661.7
38, 661.9
140, 662
122, 662.1
330, 662.2
333, 662.3
291, 662.5
126, 662.5
83, 662.9
232, 662.9
266, 663
305, 663.3
339, 663.3
181, 663.3
218, 663.3
124, 663.5
352, 663.8
191, 663.9
71, 664.2
258, 664.8
136, 665.3
283, 665.5
313, 665.6
51, 666.2
100, 666.6
131, 666.8
54, 666.9
315, 666.9
193, 667.3
48, 667.4
152, 667.5
84, 667.5
180, 667.7
195, 668.3
250, 668.4
345, 668.4
3, 668.5
294, 668.5
261, 668.6
240, 668.7
223, 668.8
216, 668.9
196, 668.9
298, 669.1
161, 669.2
139, 669.3
122, 669.8
12, 670.1
366, 670.1
126, 670.2
140, 670.2
75, 670.5
341, 670.5
333, 670.9
330, 671
83, 671.1
266, 671.2
124, 671.7
191, 671.7
218, 671.9
232, 672
181, 672.2
352, 672.6
258, 675
313, 675.6
38, 675.7
250, 676.4
283, 676.9
339, 677.2
345, 677.4
291, 677.5
131, 678.5
261, 678.9
48, 679.3
240, 679.8
126, 680.1
152, 680.2
84, 681.1
122, 681.2
315, 681.4
12, 681.7
191, 682
83, 682.3
140, 682.3
333, 683.4
266, 683.5
124, 683.8
223, 684.8
352, 684.9
250, 685.5
218, 687.6
193, 687.9
345, 689.6
181, 689.9
250, 696.1
345, 700.8
261, 700.9
191, 702
250, 702.1
181, 702.6
83, 703
126, 705.2
218, 705.9
352, 707.1
261, 708.2
345, 708.9
250, 709.6
191, 709.8
339, 709.9
333, 710.6
83, 710.9
181, 712.2
126, 713.5
352, 716.5
218, 716.9
339, 717.3
261, 718.3
250, 718.3
191, 718.5
333, 718.8
83, 719.4
345, 719.4
126, 719.7
181, 720.8
339, 722.5
352, 723.3
218, 724.4
294, 724.8
250, 725.3
261, 725.4
191, 725.7
333, 725.8
298, 726.2
83, 726.4
126, 726.4
345, 726.9
339, 727.2
181, 728.5
366, 728.6
291, 729.7
352, 729.9
294, 730.3
218, 732
298, 732.2
250, 732.3
261, 732.7
305, 732.9
339, 733.1
191, 733.4
333, 733.5
83, 734
126, 734.3
366, 735.1
345, 735.9
291, 736.6
71, 736.7
294, 737.2
352, 739.9
298, 740.1
339, 741.6
3, 741.7
250, 742.5
196, 743.2
366, 744.3
139, 744.6
261, 744.8
305, 745.1
181, 747.1
83, 748.2
291, 748.4
294, 748.9
126, 752.4
3, 753.2
339, 783.9
339, 794.9
339, 799.8
339, 804.5
294, 805.9
298, 806.5
366, 808.1
291, 808.5
339, 810.5
305, 811.1
71, 811.3
294, 811.9
298, 812.9
366, 814.4
291, 815.9
196, 819.4
339, 819.7
294, 819.7
305, 820.5
298, 821.7
366, 822.6
71, 822.8
139, 824.1
291, 826.2
366, 838.8
366, 849.1
366, 856
339, 859.8
339, 871.1
366, 872.5
339, 877.5
366, 878.6
339, 882
366, 884
294, 885.2
298, 886
339, 887.3
291, 887.7
305, 888.8
71, 890.1
294, 890.9
366, 891
3, 891.5
298, 892.5
341, 893.4
339, 894.4
291, 894.6
196, 895.6
75, 896.1
305, 896.3
38, 898.4
294, 898.4
3, 898.6
71, 899.5
298, 901.3
139, 902.2
341, 904.2
291, 907
3, 907
75, 907.9
38, 911.1
139, 914.6
196, 916.9
3, 923.1
305, 928.3
3, 929.1
294, 932.8
305, 936.1
3, 936.5
196, 938.7
294, 940.4
339, 940.9
339, 952.3
294, 954.1
339, 981.8
339, 989.8
339, 1267.5
294, 1269.2
298, 1269.5
366, 1270.4
291, 1270.5
305, 1270.9
71, 1271.2
339, 1271.5
196, 1272.5
341, 1272.9
139, 1273.7
294, 1273.7
75, 1273.9
3, 1274
298, 1274.1
38, 1274.9
366, 1275.1
291, 1275.5
305, 1275.9
71, 1276.1
339, 1276.2
136, 1277
283, 1277.3
100, 1277.6
196, 1277.7
131, 1277.9
54, 1277.9
193, 1278
84, 1278.1
315, 1278.2
341, 1278.2
180, 1278.3
152, 1278.5
48, 1278.6
294, 1278.8
139, 1279.3
298, 1279.3
75, 1279.4
216, 1279.4
3, 1279.5
161, 1279.6
223, 1279.6
240, 1279.7
261, 1279.9
12, 1280.3
38, 1280.5
366, 1280.6
140, 1280.6
122, 1280.7
330, 1280.8
291, 1281.1
333, 1281.2
266, 1281.4
305, 1281.4
339, 1281.4
126, 1281.4
232, 1281.5
71, 1281.7
83, 1281.7
352, 1282.4
218, 1282.4
191, 1282.7
258, 1282.8
136, 1282.9
283, 1283.3
313, 1283.5
100, 1283.7
196, 1283.7
51, 1283.9
54, 1284
131, 1284.2
193, 1284.2
84, 1284.3
315, 1284.3
341, 1284.3
152, 1284.6
180, 1284.7
294, 1284.7
48, 1284.9
195, 1285.1
298, 1285.2
139, 1285.5
75, 1285.7
216, 1285.7
3, 1285.9
223, 1285.9
161, 1286.1
240, 1286.1
261, 1286.2
366, 1286.8
12, 1286.9
122, 1287.1
140, 1287.2
330, 1287.3
38, 1287.4
333, 1287.8
266, 1288
126, 1288
232, 1288.3
291, 1288.3
83, 1288.5
339, 1288.6
124, 1288.7
305, 1289
218, 1289
71, 1289.3
191, 1289.5
352, 1289.7
258, 1290.3
136, 1290.6
283, 1290.8
313, 1291
51, 1291.8
131, 1292.2
315, 1292.3
100, 1292.4
54, 1292.7
48, 1292.8
152, 1293
180, 1293.4
193, 1293.4
84, 1293.7
195, 1294
261, 1294.4
3, 1294.4
223, 1294.5
294, 1294.5
216, 1294.6
240, 1294.7
161, 1295
122, 1295.1
298, 1295.5
366, 1295.6
12, 1295.7
139, 1295.8
140, 1295.9
126, 1296.1
196, 1296.1
330, 1296.6
266, 1296.8
124, 1297.3
83, 1297.7
191, 1297.7
333, 1297.8
232, 1298.2
75, 1298.8
352, 1299.6
218, 1300.3
258, 1301
313, 1301.7
339, 1302.5
283, 1303.6
341, 1303.7
48, 1306.4
131, 1307
122, 1307.4
240, 1308.1
261, 1308.3
126, 1308.3
12, 1309.6
124, 1310.7
83, 1311.6
140, 1313.7
266, 1314.6
191, 1315
140, 1320.9
266, 1321.1
83, 1321.3
191, 1321.3
124, 1321.7
12, 1322.4
126, 1322.7
261, 1323.2
122, 1323.3
240, 1324.3
339, 1328.1
83, 1329.1
266, 1329.3
140, 1329.7
191, 1329.9
124, 1330.3
12, 1330.9
126, 1331.4
261, 1331.5
122, 1331.7
240, 1333.2
339, 1336.5
83, 1341.4
339, 1342.9
261, 1343.7
122, 1344.5
12, 1345.4
240, 1345.6
126, 1345.8
266, 1347.7
339, 1347.9
191, 1348
83, 1348.2
261, 1350
122, 1350.8
294, 1350.8
298, 1351.6
12, 1351.7
240, 1352.1
126, 1352.3
124, 1352.5
339, 1353.2
366, 1353.3
291, 1353.4
266, 1354.8
140, 1354.8
191, 1355.4
83, 1355.6
294, 1356.9
261, 1357.7
298, 1358.2
305, 1358.4
71, 1358.8
122, 1359
366, 1359.8
339, 1360.6
291, 1360.7
126, 1361.1
12, 1361.3
240, 1362.1
124, 1363.4
294, 1365.3
298, 1367.5
140, 1368.4
191, 1369.1
266, 1370.2
366, 1370.4
83, 1370.7
291, 1373
339, 1406.1
339, 1419.8
339, 1424.7
339, 1429.3
294, 1430.9
298, 1431.4
366, 1432.8
291, 1433.7
305, 1434.4
339, 1435.4
71, 1435.5
294, 1437.1
196, 1437.7
298, 1437.9
3, 1438.7
366, 1439.4
139, 1440.1
291, 1441.4
305, 1442.8
339, 1444.9
294, 1445.2
341, 1445.6
298, 1446.3
71, 1446.7
3, 1446.7
366, 1447.6
139, 1449
196, 1450.3
291, 1453.9
3, 1456.8
139, 1472.8
3, 1475.8
139, 1480
3, 1484.1
366, 1484.3
339, 1487.7
139, 1491.9
366, 1493.9
339, 1499.4
366, 1503.5
339, 1504.2
3, 1504.2
339, 1508.8
366, 1508.9
139, 1509.2
3, 1509.8
294, 1511.4
298, 1512
291, 1513.6
305, 1514.6
339, 1514.7
71, 1515.1
366, 1515.9
139, 1517.3
3, 1517.6
294, 1517.9
298, 1518.7
291, 1520.7
196, 1522
305, 1523
339, 1523.3
71, 1523.5
75, 1524.4
294, 1526.3
298, 1527.1
291, 1530.9
366, 1532.5
139, 1533.4
339, 1566.5
339, 1575.7
339, 1600.3
339, 1607.1
294, 1615.3
339, 1616.5
294, 1626.4
294, 1643.1
294, 1649.5
294, 1655.4
339, 1660.1
298, 1664.7
294, 1664.9
339, 1667.4
366, 1672.6
298, 1673.2
339, 1676.9
366, 1680.8
298, 1685.1
366, 1690.2
366, 1701.5
339, 1892.3
294, 1894
298, 1894.3
291, 1895.2
366, 1895.2
305, 1895.6
71, 1895.8
339, 1896.4
196, 1897.1
341, 1897.4
75, 1898.4
139, 1898.4
3, 1898.6
294, 1898.6
298, 1899
38, 1899.4
366, 1900
291, 1900.1
305, 1900.5
71, 1900.7
339, 1901
136, 1901.5
283, 1901.9
100, 1902.1
54, 1902.3
196, 1902.3
84, 1902.5
193, 1902.5
131, 1902.6
180, 1902.8
315, 1902.8
341, 1902.9
152, 1903.1
48, 1903.1
294, 1903.8
139, 1903.9
216, 1903.9
75, 1904
3, 1904.1
161, 1904.2
240, 1904.3
223, 1904.3
298, 1904.3
261, 1904.7
38, 1905
12, 1905.3
330, 1905.4
366, 1905.5
291, 1905.7
122, 1905.7
140, 1905.7
333, 1905.9
232, 1906.1
305, 1906.2
339, 1906.3
71, 1906.4
126, 1906.4
83, 1906.6
266, 1906.6
352, 1907.1
218, 1907.1
136, 1907.4
258, 1907.6
283, 1907.9
191, 1908
51, 1908.3
100, 1908.3
54, 1908.4
313, 1908.5
196, 1908.6
193, 1908.7
84, 1908.8
131, 1908.9
315, 1908.9
341, 1909.1
180, 1909.2
152, 1909.3
48, 1909.3
195, 1909.8
294, 1909.8
139, 1910.2
216, 1910.4
298, 1910.4
75, 1910.5
3, 1910.5
161, 1910.7
223, 1910.7
240, 1911
261, 1911.1
366, 1911.8
12, 1911.9
38, 1911.9
330, 1912
122, 1912.1
333, 1912.4
140, 1912.4
232, 1912.9
291, 1913
126, 1913.1
83, 1913.4
266, 1913.5
339, 1913.8
218, 1913.8
305, 1914.2
71, 1914.4
352, 1914.7
191, 1914.8
136, 1915.2
258, 1915.3
283, 1915.5
313, 1916
51, 1916.4
315, 1917.1
100, 1917.2
131, 1917.4
54, 1917.4
48, 1917.5
152, 1917.7
193, 1918.1
180, 1918.2
84, 1918.5
195, 1918.7
261, 1919.3
3, 1919.5
216, 1919.7
223, 1919.9
161, 1920.2
139, 1920.5
240, 1920.5
122, 1920.9
294, 1921
12, 1921.5
126, 1921.6
298, 1921.7
366, 1921.8
330, 1922
196, 1922.1
140, 1922.3
333, 1922.5
83, 1922.6
266, 1922.8
191, 1923.3
232, 1923.7
352, 1925.1
218, 1925.2
258, 1927.3
313, 1927.8
283, 1932
48, 1933.3
261, 1933.4
126, 1935.5
122, 1936.4
83, 1936.6
83, 1945
122, 1945.5
126, 1945.5
261, 1946.1
48, 1948
191, 1948.6
283, 1950.6
339, 1950.9
83, 1952.9
126, 1953.3
122, 1953.7
261, 1954.1
191, 1957.3
48, 1957.4
339, 1958.7
283, 1962.2
83, 1965.6
339, 1967.4
261, 1968.1
191, 1969.3
122, 1969.5
283, 1969.5
126, 1971.3
48, 1971.5
83, 1972.4
339, 1972.5
261, 1974.5
122, 1975.7
191, 1975.7
283, 1976.1
294, 1976.3
298, 1977.1
339, 1977.8
126, 1978.1
48, 1978.2
291, 1978.7
366, 1978.7
83, 1979.6
261, 1982
294, 1982.5
191, 1983.8
298, 1983.8
122, 1984
305, 1984.4
339, 1984.9
366, 1985.7
71, 1986
283, 1986
291, 1986.2
126, 1988.3
48, 1989.1
294, 1991.3
83, 1992.6
298, 1993.7
366, 1996.8
291, 2000.1
339, 2004.6
339, 2023.4
339, 2031.6
339, 2052.6
294, 2055.9
298, 2056.4
366, 2057.9
339, 2058
291, 2058.5
305, 2059.4
71, 2060.2
294, 2062
196, 2062.6
298, 2062.7
3, 2064
366, 2064.1
139, 2064.3
339, 2065.1
341, 2065.2
291, 2065.9
305, 2067.9
71, 2069.5
294, 2070
298, 2071.1
366, 2072
3, 2072.3
139, 2072.5
196, 2074.6
291, 2082.1
3, 2083.1
3, 2098.3
3, 2106.1
339, 2110.7
3, 2119.1
339, 2121.7
339, 2127.4
3, 2130.7
339, 2132.2
294, 2136.4
298, 2136.5
3, 2137.1
339, 2137.7
366, 2137.9
71, 2139.6
291, 2139.7
305, 2140.6
294, 2142.4
298, 2143
366, 2144.2
75, 2145
341, 2145.3
339, 2145.4
3, 2146.4
71, 2147.6
291, 2147.6
196, 2148.6
305, 2149.5
294, 2149.7
298, 2151.3
366, 2151.9
75, 2154.4
341, 2155.4
291, 2161
366, 2163.4
294, 2163.8
294, 2191
339, 2191.5
339, 2201.2
339, 2226.3
339, 2233.1
339, 2243.1
339, 2285.2
298, 2288.9
294, 2291.7
339, 2292.9
298, 2296.1
294, 2299.6
339, 2303
298, 2306.4
294, 2310.1
294, 2324
339, 2517.7
294, 2519.7
298, 2520
366, 2520.8
291, 2520.9
305, 2521.2
71, 2521.5
339, 2521.7
196, 2522.8
341, 2523.2
75, 2524.2
139, 2524.2
3, 2524.4
294, 2524.4
298, 2524.7
38, 2525.2
366, 2525.6
291, 2525.9
305, 2526.2
339, 2526.4
71, 2526.6
136, 2527.3
283, 2527.7
100, 2527.9
196, 2528
54, 2528.2
193, 2528.2
131, 2528.3
84, 2528.4
315, 2528.5
180, 2528.7
341, 2528.7
152, 2528.9
48, 2529.1
294, 2529.6
75, 2529.7
139, 2529.7
216, 2529.7
161, 2529.9
3, 2529.9
223, 2529.9
298, 2530
240, 2530.2
261, 2530.6
38, 2530.8
12, 2531
366, 2531
330, 2531.1
140, 2531.4
291, 2531.5
333, 2531.6
339, 2531.6
305, 2531.7
122, 2531.7
232, 2531.8
71, 2532.2
266, 2532.3
126, 2532.4
83, 2532.6
218, 2532.7
352, 2532.8
136, 2533.2
258, 2533.2
283, 2533.8
191, 2533.9
313, 2534
100, 2534.1
196, 2534.1
51, 2534.2
54, 2534.4
131, 2534.5
193, 2534.6
84, 2534.7
315, 2534.7
180, 2535
341, 2535
152, 2535.1
48, 2535.4
195, 2535.5
294, 2535.6
75, 2536
139, 2536
298, 2536.1
223, 2536.2
216, 2536.3
161, 2536.4
3, 2536.4
240, 2536.8
261, 2537
366, 2537.2
12, 2537.6
330, 2537.6
38, 2537.8
333, 2538.2
122, 2538.2
140, 2538.3
232, 2538.9
291, 2538.9
339, 2538.9
126, 2539
266, 2539.1
218, 2539.4
83, 2539.5
305, 2539.6
352, 2540.2
71, 2540.5
191, 2540.8
258, 2541
136, 2541.2
313, 2541.6
283, 2542
51, 2542.5
131, 2543.2
100, 2543.3
54, 2543.5
315, 2543.5
152, 2543.6
48, 2543.8
124, 2544.2
84, 2544.3
193, 2544.4
195, 2544.5
180, 2544.6
3, 2545.2
261, 2545.3
223, 2545.4
216, 2545.7
161, 2546.2
139, 2546.4
366, 2546.4
240, 2546.7
122, 2547
12, 2547.2
330, 2547.5
126, 2547.6
298, 2547.6
196, 2547.7
140, 2548
294, 2548
333, 2548.1
266, 2548.6
83, 2548.8
191, 2549.5
232, 2550.3
352, 2550.4
218, 2550.7
258, 2553.1
313, 2553.9
339, 2555.8
261, 2559.9
126, 2561.8
83, 2564
122, 2564.4
83, 2570.6
122, 2571
126, 2571.1
261, 2571.3
339, 2574.7
83, 2578.4
122, 2578.8
126, 2578.9
261, 2579.4
339, 2582
83, 2592.2
339, 2592.7
122, 2592.9
261, 2593.6
126, 2594.9
339, 2597.8
83, 2599
122, 2599.6
261, 2599.8
126, 2601.5
294, 2601.7
298, 2602.3
339, 2603.2
291, 2603.8
366, 2603.8
83, 2606.7
122, 2607.6
261, 2607.7
294, 2608
305, 2608.4
298, 2608.7
126, 2610.5
339, 2610.6
366, 2610.7
291, 2611.4
71, 2611.7
294, 2617
298, 2617.8
366, 2620.7
291, 2625.2
339, 2656.8
339, 2671.4
339, 2676.2
339, 2681.2
298, 2681.4
294, 2681.5
366, 2682.9
291, 2684.5
305, 2685.3
71, 2686
298, 2687.7
339, 2688
294, 2688
196, 2688.8
3, 2689
366, 2689.3
139, 2691
291, 2692.6
305, 2695.4
341, 2695.7
294, 2696.1
298, 2696.4
71, 2696.8
3, 2697.1
366, 2697.6
139, 2699.9
75, 2700.7
196, 2701.2
339, 2703.8
3, 2708.8
3, 2722.9
3, 2730.5
339, 2737.4
3, 2742
339, 2750.6
339, 2755.8
3, 2760.1
339, 2760.6
294, 2761.1
298, 2761.6
366, 2762.8
291, 2763.6
305, 2765.1
71, 2765.3
339, 2767.2
294, 2767.3
3, 2767.5
298, 2767.7
366, 2768.8
291, 2771.1
196, 2771.3
71, 2773.5
305, 2773.6
341, 2773.6
75, 2773.9
294, 2774.8
298, 2774.9
366, 2776.8
339, 2779.5
291, 2783.3
3, 2784.7
75, 2784.9
196, 2785.6
298, 2787.3
366, 2789.4
294, 2790
341, 2796.6
341, 2803.2
294, 2809.8
341, 2811.4
294, 2821.5
339, 2843.5
339, 2848.6
339, 2854.7
339, 2863.9
339, 2910.4
298, 2915.7
339, 2918.1
294, 2920.1
298, 2923.2
294, 2928.3
339, 2930.5
298, 2932.5
294, 2938.6
298, 2946
339, 3143.3
294, 3145.8
298, 3146.1
366, 3147.1
291, 3147.2
305, 3147.6
71, 3147.9
196, 3149.8
341, 3150.5
75, 3151.9
139, 3152
3, 3152.1
38, 3153.8
339, 3158.5
136, 3160.9
100, 3163.6
283, 3170.4
339, 3201.4
294, 3208
298, 3212.3
339, 3222.8
291, 3224.2
366, 3224.2
305, 3225.6
294, 3225.8
71, 3226
298, 3226.8
196, 3228.5
341, 3229.3
75, 3231.1
139, 3231.4
3, 3231.5
38, 3233.4
339, 3242.6
339, 3275.4
294, 3286.7
339, 3302.9
298, 3305.2
294, 3305.8
366, 3306.5
291, 3306.6
305, 3307.2
71, 3307.3
196, 3309.7
341, 3310.3
75, 3312.6
139, 3313.1
3, 3313.9
38, 3317.6
339, 3353.4
339, 3382.9
294, 3384.2
298, 3385.5
291, 3386.8
366, 3386.9
305, 3387.4
71, 3387.7
196, 3389.9
341, 3390.8
75, 3393.3
139, 3393.9
3, 3394.1
38, 3399.4
339, 3434.4
294, 3455.1
339, 3477.7
339, 3531.3
294, 3545.1
298, 3768.6
139, 3770.5
294, 3770.7
339, 3770.8
366, 3772.1
291, 3772.2
313, 3772.3
305, 3772.6
71, 3772.8
218, 3773
84, 3773.2
232, 3774.2
196, 3774.6
69, 3774.8
246, 3775.1
341, 3775.2
376, 3775.8
227, 3776.3
3, 3777.1
38, 3778.6
226, 3778.7
298, 3788.3
54, 3791.9
294, 3832.8
339, 3833.2
298, 3844.4
366, 3849.1
291, 3849.2
139, 3849.7
305, 3850.5
294, 3850.8
71, 3851
339, 3851
313, 3851.6
84, 3852.3
218, 3852.3
232, 3853.5
196, 3853.5
341, 3854.1
69, 3854.3
246, 3854.7
376, 3855.4
227, 3855.9
298, 3856
3, 3856.5
38, 3858.4
226, 3859
294, 3911.5
339, 3915.1
298, 3928
139, 3930
294, 3930.8
339, 3931.3
291, 3931.4
366, 3931.5
313, 3931.8
305, 3932
71, 3932.3
84, 3932.7
218, 3932.7
232, 3934
196, 3934.5
69, 3934.9
341, 3935.2
246, 3935.3
376, 3936.2
227, 3936.9
3, 3938.2
226, 3941
38, 3941.8
298, 3988.8
298, 4008.6
294, 4009.3
139, 4009.7
339, 4010.4
313, 4011.5
291, 4011.8
366, 4011.9
305, 4012.4
218, 4012.5
84, 4012.6
71, 4012.7
232, 4014
69, 4014.7
246, 4014.9
196, 4014.9
341, 4015.7
376, 4016.1
227, 4016.6
3, 4019
226, 4020.4
38, 4024
298, 4067.2
294, 4086.2
339, 4173.8
71, 4394.2
139, 4395.3
298, 4397
291, 4397.2
305, 4397.6
195, 4397.7
218, 4397.7
53, 4397.9
84, 4397.9
180, 4398.1
247, 4399.2
69, 4399.5
294, 4399.5
196, 4399.6
246, 4399.7
341, 4400.2
232, 4400.3
376, 4400.5
81, 4400.7
227, 4400.9
339, 4401.1
3, 4402.1
226, 4403.1
38, 4403.6
259, 4409.3
118, 4410
54, 4416.7
230, 4418.1
139, 4460.9
71, 4473.4
291, 4474.2
298, 4474.9
305, 4475.5
218, 4476
139, 4476.1
84, 4476.2
195, 4477
53, 4477.3
180, 4477.3
294, 4478.2
69, 4478.5
196, 4478.5
246, 4478.8
247, 4478.8
341, 4479.1
376, 4479.8
232, 4480
339, 4480.1
81, 4480.2
227, 4480.2
3, 4481.5
226, 4482.9
38, 4483.4
139, 4542.3
71, 4553.7
139, 4556.2
291, 4556.4
298, 4556.5
305, 4557
218, 4557.2
195, 4557.3
84, 4557.4
53, 4557.6
180, 4557.7
294, 4559.1
247, 4559.2
69, 4559.5
196, 4559.5
246, 4559.8
341, 4560.2
232, 4560.7
81, 4560.9
376, 4560.9
339, 4561.3
227, 4561.4
3, 4563.3
226, 4565.5
38, 4566.8
71, 4630.3
139, 4634.9
291, 4636.8
298, 4636.9
195, 4637.1
53, 4637.4
305, 4637.4
180, 4637.6
218, 4637.6
84, 4637.8
247, 4638.9
294, 4639.6
69, 4639.9
196, 4639.9
246, 4640.2
232, 4640.6
81, 4640.7
341, 4640.7
376, 4641.4
339, 4641.9
227, 4642
3, 4644
71, 4644.9
226, 4646.9
38, 4649
139, 4698.3
71, 4709.6
71, 5019
139, 5020.4
298, 5022.1
195, 5022.2
100, 5022.2
53, 5022.7
218, 5022.7
180, 5022.8
84, 5022.9
69, 5024.5
246, 5024.8
232, 5025.2
227, 5025.9
3, 5027.3
176, 5031.2
259, 5033.7
118, 5034.1
291, 5036.3
230, 5041.1
54, 5041.4
193, 5044.3
71, 5080.4
139, 5082.1
71, 5099.1
298, 5099.8
139, 5100.6
218, 5100.9
53, 5101
84, 5101
180, 5101.1
100, 5101.5
195, 5101.6
69, 5103.6
246, 5103.8
232, 5104.5
227, 5105.3
3, 5106.7
176, 5113.4
259, 5120.6
71, 5153.2
139, 5159.9
71, 5178.8
139, 5180.6
298, 5181.6
100, 5181.8
195, 5181.9
53, 5182.3
218, 5182.3
84, 5182.4
180, 5182.4
69, 5184.5
246, 5184.8
232, 5185.5
227, 5186.5
3, 5188.5
71, 5231
139, 5244.4
71, 5258.9
139, 5261.2
100, 5261.5
195, 5261.6
298, 5261.9
53, 5262.6
218, 5262.6
84, 5262.7
180, 5262.7
69, 5264.8
246, 5265.1
232, 5265.9
227, 5266.9
3, 5269.2
176, 5281.2
71, 5311.7
71, 5355.5
139, 5367.8
100, 5643.6
71, 5644.1
84, 5644.2
69, 5644.7
258, 5646.9
161, 5647
195, 5647
298, 5647.1
53, 5647.7
218, 5647.7
180, 5647.9
50, 5648.5
139, 5649.5
269, 5649.6
246, 5649.8
232, 5650.2
37, 5650.7
227, 5650.9
38, 5652.2
3, 5652.3
176, 5655.7
259, 5658.7
118, 5659.1
100, 5659.5
328, 5662.1
291, 5662.9
230, 5666
54, 5666.4
148, 5667.7
193, 5669.6
71, 5703.3
100, 5721.8
84, 5723
69, 5723.7
71, 5723.9
195, 5724.6
298, 5724.8
218, 5725.8
53, 5725.9
161, 5726.2
180, 5726.2
258, 5726.2
50, 5727.8
139, 5728.4
246, 5728.7
269, 5729.1
232, 5729.4
227, 5730.1
37, 5730.5
3, 5731.6
38, 5732
100, 5734.8
176, 5736.7
71, 5777.1
100, 5803.2
71, 5803.7
84, 5803.7
69, 5804.1
161, 5806.5
258, 5806.5
298, 5806.5
195, 5806.6
218, 5807.2
53, 5807.3
180, 5807.4
50, 5808.2
139, 5809.5
246, 5809.7
269, 5809.7
232, 5810.5
37, 5811.2
227, 5811.4
38, 5813.2
3, 5813.3
71, 5855.6
100, 5865.9
84, 5879.3
69, 5883.5
100, 5883.6
71, 5883.9
258, 5886.1
161, 5886.2
195, 5886.8
298, 5886.9
53, 5887.5
218, 5887.6
180, 5887.7
50, 5887.9
269, 5889.3
139, 5889.9
246, 5890.2
232, 5890.9
37, 5891
84, 5892
227, 5892
38, 5892.9
3, 5894
71, 5936.4
100, 5943.1
84, 5952.1
71, 5979.8
71, 6033.6
100, 6268.5
84, 6269
69, 6269.5
232, 6271.4
258, 6271.6
161, 6271.7
195, 6272
71, 6272.1
40, 6272.5
53, 6272.7
180, 6272.9
50, 6273.2
345, 6273.4
269, 6274.2
246, 6274.8
185, 6274.9
37, 6275.4
227, 6275.9
139, 6276.3
38, 6276.8
3, 6277.3
196, 6278.7
176, 6280.7
259, 6283.7
219, 6284
100, 6284.2
118, 6284.4
328, 6285.6
120, 6288
291, 6288
148, 6289.4
348, 6290.6
230, 6293.3
193, 6294.6
100, 6329
84, 6330.3
69, 6331.6
161, 6348.2
100, 6348.2
258, 6348.4
84, 6349
195, 6349.2
71, 6349.3
69, 6349.6
232, 6350.4
53, 6350.8
180, 6351.1
50, 6351.7
40, 6351.8
345, 6352.7
269, 6353.1
246, 6353.7
185, 6354.3
37, 6354.7
227, 6355.1
139, 6356
38, 6356.2
3, 6356.6
196, 6359
176, 6362.1
100, 6367.4
100, 6404.3
84, 6404.9
69, 6406.7
100, 6428.5
84, 6428.9
69, 6429.5
232, 6430.9
161, 6431.1
258, 6431.1
195, 6431.6
71, 6431.8
40, 6432.2
53, 6432.2
180, 6432.4
50, 6432.8
345, 6433.2
269, 6434.1
246, 6434.9
185, 6434.9
37, 6435.9
227, 6436.6
139, 6437
38, 6438.2
3, 6438.3
196, 6442.6
100, 6479.7
84, 6481
69, 6483.1
100, 6508.3
84, 6508.9
69, 6509.6
232, 6510.8
161, 6511.4
258, 6511.4
195, 6511.8
40, 6511.9
71, 6511.9
53, 6512.6
180, 6512.7
345, 6512.9
50, 6513.1
269, 6514.6
185, 6514.7
246, 6515.2
37, 6516.3
139, 6516.9
227, 6517
38, 6518.5
3, 6519
196, 6521.4
100, 6560.2
84, 6561.7
69, 6563.8
100, 6603.9
84, 6605.4
69, 6607.8
100, 6893.5
84, 6894
161, 6894.3
69, 6894.5
232, 6896.2
258, 6896.6
38, 6896.8
240, 6896.8
195, 6897
40, 6897.2
180, 6897.9
50, 6898.2
4, 6898.8
32, 6899
130, 6899.5
179, 6899.5
370, 6899.5
37, 6900.4
128, 6901
139, 6901.1
338, 6902.3
3, 6902.3
196, 6903.5
176, 6905.7
219, 6908
259, 6908.5
100, 6909.1
118, 6909.3
328, 6910.6
120, 6911.5
348, 6913.5
230, 6916.4
291, 6917.1
54, 6917.3
100, 6951.9
84, 6953.3
69, 6954.1
232, 6968.7
161, 6970.9
258, 6971.5
100, 6973.1
84, 6973.9
195, 6974.2
69, 6974.4
40, 6974.9
38, 6975.9
240, 6976.1
180, 6976.1
50, 6976.7
4, 6978.1
32, 6978.3
179, 6978.8
370, 6979
130, 6979.1
37, 6979.7
139, 6980.5
128, 6980.6
3, 6981.6
338, 6982.4
196, 6983.3
161, 6985.2
232, 6985.2
176, 6987
219, 6991.6
100, 6997.8
100, 7027.2
84, 7027.8
69, 7028.7
100, 7053.4
84, 7053.8
161, 7053.9
69, 7054.3
232, 7055.9
258, 7056.2
38, 7056.3
240, 7056.4
195, 7056.5
40, 7056.7
180, 7057.4
50, 7057.8
4, 7058.5
32, 7058.8
179, 7059.3
370, 7059.4
130, 7059.6
37, 7060.8
128, 7061.4
139, 7061.8
3, 7063.3
338, 7063.7
196, 7066.9
100, 7104.2
84, 7105.6
69, 7107.4
161, 7119.1
100, 7133.2
84, 7133.8
69, 7134.4
161, 7134.6
232, 7135.9
240, 7136
38, 7136.1
258, 7136.3
195, 7136.8
40, 7137.1
180, 7137.8
50, 7138
4, 7138.4
32, 7138.8
179, 7139
130, 7139.1
370, 7139.2
128, 7141
37, 7141.1
139, 7142.4
338, 7143.1
3, 7144
196, 7148.2
100, 7184.9
84, 7186.4
69, 7188.2
161, 7196.8
100, 7228.2
84, 7229.8
69, 7231.7
100, 7282.1
84, 7283.6
69, 7285.4
100, 7518.5
69, 7519.5
232, 7521.2
195, 7522
84, 7522.2
40, 7522.3
269, 7522.5
328, 7522.8
50, 7523.2
161, 7523.4
4, 7523.5
130, 7524.1
179, 7524.1
370, 7524.2
38, 7525.3
37, 7525.4
139, 7526.2
258, 7528.4
196, 7528.5
240, 7529.1
176, 7530.6
219, 7533.4
259, 7533.4
100, 7534.1
118, 7534.3
120, 7536.6
348, 7538.6
300, 7541.9
54, 7542.4
100, 7576.7
69, 7579
232, 7587.6
100, 7598
195, 7599.2
69, 7599.3
84, 7599.4
40, 7599.6
50, 7601.6
269, 7601.8
161, 7601.9
328, 7602
4, 7602.2
232, 7602.2
130, 7603
179, 7603
370, 7603
38, 7604.5
37, 7604.5
139, 7605.6
258, 7608.4
196, 7608.5
240, 7609.2
176, 7611.9
100, 7625.9
219, 7636.6
100, 7652.1
69, 7653.6
100, 7678.3
69, 7679.2
232, 7680.8
195, 7681.5
84, 7681.7
40, 7681.8
269, 7682.1
328, 7682.4
50, 7682.7
161, 7683
4, 7683.2
179, 7683.9
130, 7684
370, 7684
38, 7685.6
37, 7685.7
139, 7686.9
196, 7692
258, 7692.4
240, 7694.4
100, 7729.1
69, 7732.2
100, 7758.3
69, 7759.4
232, 7760.8
195, 7761.8
269, 7761.9
40, 7762
84, 7762
328, 7762.3
50, 7763.1
161, 7763.4
4, 7763.6
179, 7764.3
130, 7764.4
370, 7764.4
38, 7766.1
37, 7766.1
139, 7767.4
196, 7773.3
258, 7775.7
240, 7779.3
100, 7809.9
69, 7813.2
100, 7853.2
69, 7856.7
100, 7906.9
69, 7910.2
100, 8143.5
195, 8144.4
69, 8144.5
232, 8146.3
269, 8147.2
40, 8147.3
84, 8147.3
185, 8147.5
328, 8147.6
50, 8148.2
4, 8148.6
179, 8149.1
130, 8149.2
370, 8149.2
37, 8150.4
258, 8153.6
240, 8154.4
176, 8155.6
259, 8158.4
151, 8158.6
219, 8158.7
100, 8159.1
118, 8159.3
120, 8161.6
300, 8164
348, 8165.2
237, 8165.7
377, 8165.7
100, 8201.8
69, 8204
232, 8212.9
195, 8222.3
100, 8223
69, 8224.3
40, 8224.6
84, 8224.7
269, 8225
328, 8225.8
50, 8226.6
185, 8226.8
4, 8227.2
232, 8227.3
179, 8228
130, 8228.1
370, 8228.1
37, 8229.5
258, 8233.6
240, 8234.9
176, 8236.9
100, 8251
100, 8276.6
69, 8278.3
100, 8303.4
195, 8304
69, 8304.2
232, 8306
40, 8306.7
269, 8306.7
84, 8307
185, 8307.1
328, 8307.1
50, 8307.8
4, 8308.2
130, 8309
179, 8309
370, 8309
37, 8311.1
258, 8317.8
100, 8354.1
69, 8357.2
195, 8382.9
100, 8383.2
69, 8384.4
232, 8385.9
185, 8386.8
40, 8387.1
84, 8387.1
269, 8387.1
328, 8387.5
50, 8388.1
4, 8388.5
179, 8389.2
130, 8389.3
370, 8389.4
37, 8391.2
258, 8401.6
240, 8401.7
100, 8434.9
69, 8438.2
195, 8452.8
100, 8478.2
69, 8481.7
100, 8531.9
69, 8535.2
195, 8767.8
100, 8768.5
232, 8771.3
37, 8771.5
69, 8772.2
185, 8772.2
40, 8772.3
269, 8772.3
328, 8772.6
210, 8773.4
4, 8773.6
51, 8774
130, 8774.2
370, 8774.2
105, 8777.1
38, 8777.5
243, 8779.3
195, 8780.6
176, 8780.6
117, 8782.6
151, 8782.7
219, 8783.6
354, 8783.7
100, 8784.1
118, 8784.3
120, 8786.6
377, 8788.5
237, 8788.7
300, 8789
309, 8789.5
348, 8789.7
278, 8795.6
100, 8826.8
195, 8830.9
232, 8838.2
195, 8847.8
100, 8848
69, 8849.5
40, 8849.6
269, 8849.7
185, 8850
37, 8850.5
328, 8850.7
4, 8852.1
232, 8852.5
210, 8852.7
130, 8852.9
370, 8853
51, 8853.4
105, 8857.2
38, 8857.3
243, 8860.2
176, 8861.9
195, 8864.4
151, 8866
117, 8868.9
100, 8876
100, 8903.6
195, 8909.5
195, 8928.1
100, 8928.5
232, 8930.7
37, 8931
69, 8931.6
40, 8931.7
185, 8931.7
269, 8931.8
328, 8932.1
4, 8933.2
210, 8933.2
130, 8934
51, 8934
370, 8934
105, 8938.3
38, 8939
243, 8944.5
100, 8979.2
195, 8982.8
195, 9007.7
100, 9008.3
232, 9010.9
37, 9010.9
69, 9011.9
40, 9012.1
185, 9012.1
269, 9012.1
328, 9012.4
210, 9013
4, 9013.5
51, 9013.8
130, 9014.3
370, 9014.4
105, 9017.9
38, 9018.6
243, 9023.3
117, 9035.6
100, 9059.9
195, 9063
100, 9103.2
195, 9107.7
100, 9156.8
269, 9394.2
195, 9395
100, 9396.2
40, 9397.3
328, 9397.6
210, 9398.1
237, 9398.3
139, 9398.9
130, 9399.2
238, 9400.1
30, 9401.5
38, 9402
105, 9402.5
37, 9402.6
243, 9403.8
176, 9405.6
117, 9407
363, 9407
151, 9407.8
354, 9408.1
219, 9408.6
232, 9409.6
185, 9410.9
120, 9411.6
309, 9412.6
377, 9413.5
300, 9414.1
348, 9414.7
278, 9416.1
195, 9457.9
100, 9460.5
269, 9472.5
40, 9474.7
195, 9475.3
328, 9475.6
100, 9476.7
210, 9476.7
237, 9477.7
130, 9477.9
139, 9478.3
238, 9479.8
30, 9481.4
38, 9481.5
37, 9482.3
105, 9482.9
243, 9484
176, 9486.9
117, 9489.1
363, 9490.5
354, 9492.3
151, 9495
195, 9533
269, 9553.7
195, 9555.1
100, 9555.2
40, 9556.7
328, 9557
210, 9557.8
237, 9558
139, 9558.8
130, 9558.9
238, 9560.3
30, 9562.4
38, 9563.2
105, 9564.2
37, 9564.5
243, 9568.2
195, 9611.7
269, 9629.7
195, 9635.3
100, 9635.7
40, 9637.1
328, 9637.4
237, 9637.8
210, 9638.1
139, 9638.6
130, 9639.3
238, 9639.9
30, 9642.1
269, 9643.8
38, 9644
105, 9644.2
37, 9645.7
363, 9653.2
243, 9653.3
195, 9692.7
195, 9738.3
