3, 98.7
4, 99.5
7, 107.3
2, 108.7
0, 109
3, 111.5
1, 114.5
6, 114.6
0, 117.4
2, 118.6
5, 119.3
4, 120.9
3, 121.9
6, 122.2
1, 123.7
0, 124.5
2, 129.1
6, 129.6
4, 131.9
5, 132
0, 132.2
3, 132.5
7, 133.2
1, 134.1
6, 138.3
2, 140.6
0, 140.8
3, 143.7
5, 144.8
1, 145.4
6, 147
4, 147.5
0, 150.8
7, 158.7
6, 160.7
0, 162
2, 165.1
3, 166.2
4, 170
1, 175.7
7, 177.1
3, 179.5
6, 180.8
2, 184.3
4, 184.7
0, 185.8
0, 196.9
3, 197.4
2, 206.6
0, 208
1, 209.2
3, 217.4
6, 218.3
0, 238.1
3, 253.7
4, 255
2, 259.7
7, 260.3
0, 272.4
3, 274.1
6, 279.4
2, 280.3
0, 282.9
1, 288.3
3, 293.1
6, 297.1
0, 297.3
2, 299
3, 313.5
4, 314
2, 316.4
7, 324.2
0, 335.5
3, 641.5
4, 641.6
7, 646.7
2, 648.9
0, 652.2
3, 654.8
1, 657.7
6, 658.6
2, 660.1
4, 660.3
0, 661
5, 663.8
3, 665.3
6, 665.9
1, 667.3
0, 668.4
2, 669.1
7, 671.9
4, 672.6
6, 673.8
3, 675.5
5, 676.3
0, 676.9
1, 678.2
2, 680.2
6, 682.6
0, 685.9
3, 689.8
4, 689.8
1, 691
6, 692
5, 694.5
2, 695.9
7, 697.1
0, 697.4
3, 702.6
4, 703.9
6, 706.7
0, 712.1
1, 718
7, 718.5
3, 718.7
4, 719.7
2, 720
0, 722
6, 730.6
0, 731.4
7, 731.4
3, 733.1
0, 739.2
4, 742.1
1, 744.8
0, 748
3, 748.3
2, 751.9
6, 755.5
0, 756.2
3, 768.8
7, 769.2
0, 769.7
4, 771.3
2, 776.6
3, 796.9
4, 797.9
0, 798.8
7, 801.7
2, 802
6, 802.1
3, 815.1
0, 815.6
0, 826.8
2, 831.4
3, 832.8
6, 834.6
1, 835.4
0, 841.7
3, 846.2
4, 846.2
2, 851.7
7, 857.6
3, 861.8
3, 876.6
4, 877.7
0, 878.1
2, 881.4
7, 881.8
3, 887.7
0, 894.5
3, 904.9
0, 905
2, 905.1
1, 906.4
6, 910.5
2, 922.9
0, 923
1, 925.2
4, 925.9
3, 927.2
6, 927.9
7, 934.6
0, 946.7
0, 968.7
3, 972.4
4, 972.5
2, 980
7, 980.6
0, 1003.5
4, 1264.9
3, 1265.2
7, 1268.7
2, 1269.6
0, 1276.9
3, 1279.5
4, 1282
2, 1282.2
6, 1282.5
1, 1282.7
0, 1286
5, 1289.1
3, 1290.2
6, 1290.5
2, 1291.5
1, 1292.4
0, 1293.6
4, 1295.1
6, 1298.5
7, 1299.1
3, 1301.2
0, 1302.1
2, 1302.2
5, 1302.8
1, 1303
6, 1307.3
4, 1308.5
0, 1312.7
3, 1314.8
2, 1316.9
1, 1318
6, 1318.6
4, 1320
7, 1320
5, 1323
0, 1323.9
3, 1331.6
6, 1332.3
0, 1335.5
4, 1341.4
2, 1343.2
3, 1344.2
6, 1344.8
7, 1344.8
0, 1345.4
1, 1353.7
0, 1354.8
4, 1355
6, 1358.7
3, 1362.4
0, 1363.2
5, 1364.8
0, 1372
2, 1372
6, 1372.6
3, 1381.8
0, 1383
6, 1389.8
4, 1391.8
3, 1393.8
2, 1395.4
7, 1397.5
0, 1410.5
3, 1421.8
4, 1421.8
2, 1425.1
7, 1425.3
0, 1428.7
6, 1438.9
3, 1439.9
4, 1441.3
0, 1442.2
0, 1453.1
2, 1455
1, 1455.8
6, 1456.8
3, 1458.2
0, 1468.5
4, 1470.3
3, 1471.1
2, 1473.3
6, 1475.9
7, 1475.9
3, 1497.9
6, 1500.9
4, 1501.6
0, 1503.9
7, 1504.6
2, 1505
3, 1507.3
4, 1516.2
0, 1520.3
3, 1521.3
6, 1522.1
1, 1529
2, 1530.1
0, 1530.9
6, 1543
3, 1546
0, 1547.4
2, 1550.8
4, 1551.2
7, 1555.7
3, 1563.8
0, 1588.9
4, 1595
3, 1595.4
2, 1599.9
7, 1599.9
0, 1619.8
4, 1649
3, 1649.5
7, 1654.3
2, 1654.8
0, 1683
3, 1690.5
3, 1717
4, 1888.4
3, 1888.7
7, 1891.5
2, 1892
0, 1901.5
3, 1903.8
2, 1906.3
6, 1906.3
1, 1906.9
4, 1907.2
0, 1910.5
5, 1914
3, 1914.3
6, 1914.6
2, 1915.6
1, 1916.8
0, 1918.4
4, 1920.1
6, 1922.6
7, 1923.5
3, 1925.6
2, 1926.8
0, 1926.9
1, 1927.1
5, 1928.2
6, 1931.4
4, 1934
3, 1938.7
0, 1939.1
1, 1941
6, 1942.8
2, 1942.9
7, 1943.4
4, 1944.6
0, 1952
3, 1953.1
0, 1962.2
4, 1965.4
3, 1967.5
2, 1968.4
7, 1969.1
6, 1969.6
0, 1972.5
4, 1976.1
1, 1976.8
0, 1981.7
3, 1983
0, 1990
0, 1999.6
6, 2000.2
3, 2001.9
2, 2002.2
0, 2011.8
3, 2015.6
4, 2016.2
7, 2020
2, 2020.2
6, 2025.1
0, 2032.1
3, 2046.1
4, 2046.4
2, 2049.2
7, 2049.2
0, 2051.2
6, 2059.3
3, 2060.8
4, 2061.6
0, 2066.5
1, 2069.8
2, 2077.1
0, 2077.2
6, 2078
3, 2078.2
0, 2094
3, 2094.1
4, 2094.8
6, 2096.4
2, 2097
7, 2098.9
4, 2126.1
3, 2126.2
0, 2127.4
7, 2129.2
2, 2129.3
4, 2138.6
6, 2138.9
3, 2140.3
1, 2141.3
0, 2144.4
2, 2153.1
0, 2155.5
3, 2157.6
2, 2170.2
0, 2171.3
3, 2173.5
4, 2175.7
6, 2179.6
7, 2179.6
3, 2194.6
2, 2205.5
0, 2212.3
4, 2219.1
3, 2219.7
7, 2223.5
2, 2225.3
0, 2244.5
4, 2272.9
3, 2273.4
7, 2277
2, 2277.1
0, 2309
4, 2513
3, 2513.4
7, 2516.3
2, 2516.7
4, 2526.3
0, 2527.2
3, 2528
6, 2530.9
1, 2532
2, 2532.2
0, 2536.4
3, 2539.4
6, 2539.4
5, 2540.3
2, 2541.6
1, 2542
4, 2542.7
0, 2544.1
6, 2547.1
7, 2548.7
3, 2550.7
1, 2552.1
2, 2552.5
0, 2552.8
5, 2554.9
6, 2555.4
4, 2555.6
0, 2563.9
3, 2563.9
1, 2566.1
6, 2566.2
4, 2567.4
2, 2568.2
7, 2569
0, 2574.5
3, 2576.7
0, 2584.9
4, 2589.3
6, 2591.2
3, 2591.8
2, 2592.7
7, 2593.5
0, 2595.3
4, 2599
1, 2599.9
0, 2604.4
3, 2604.4
0, 2613
6, 2620.6
0, 2621.4
2, 2621.6
3, 2621.6
0, 2636.1
3, 2639.6
4, 2641.1
2, 2643.4
7, 2644.3
6, 2646.4
3, 2670.1
4, 2671
0, 2672.6
7, 2673.6
2, 2673.7
6, 2681.4
3, 2681.8
4, 2684
1, 2685
0, 2689.6
3, 2698.5
0, 2701
2, 2702.5
6, 2703.4
0, 2715.3
3, 2717.7
2, 2718.4
4, 2719.5
1, 2721.2
7, 2722.9
6, 2724.9
3, 2749.8
4, 2750.7
0, 2753.2
2, 2753.4
7, 2753.5
3, 2760.7
4, 2762.1
6, 2762.2
1, 2764.4
0, 2769.8
3, 2777.3
2, 2779.5
0, 2780.9
0, 2793.2
2, 2797.2
3, 2797.5
4, 2800.5
1, 2802.8
7, 2803.7
6, 2804.9
3, 2812.9
4, 2844.2
3, 2844.3
2, 2847.6
7, 2847.6
0, 2857.7
4, 2898.2
3, 2898.4
7, 2901.5
2, 2902.4
0, 2935.5
4, 3133.5
3, 3133.6
7, 3134.6
2, 3134.9
6, 3138.6
1, 3138.8
4, 3139.3
3, 3139.5
7, 3140.9
2, 3141.5
0, 3142
4, 3144.8
3, 3145.4
7, 3151.2
2, 3151.4
6, 3152.4
4, 3154.1
3, 3155.6
1, 3163.2
4, 3190
3, 3190.1
7, 3191.2
2, 3191.3
6, 3194.7
1, 3195
4, 3196.8
3, 3197.2
0, 3200.4
7, 3206.2
2, 3207.5
4, 3213
3, 3213.2
7, 3214.9
2, 3215.4
6, 3217.7
1, 3218
4, 3218.4
3, 3218.7
0, 3219.7
7, 3220.9
2, 3221.4
4, 3223.7
3, 3224.4
7, 3232.6
4, 3234.5
6, 3234.6
2, 3234.9
3, 3235.9
4, 3262.9
3, 3263
7, 3264.1
2, 3264.2
6, 3267.5
1, 3267.7
4, 3269.8
3, 3270.2
0, 3271.3
7, 3278.4
2, 3280.8
4, 3292.9
3, 3293.1
7, 3294.2
2, 3294.5
6, 3297.4
1, 3297.6
4, 3297.8
3, 3298
0, 3299.2
7, 3300
2, 3300.5
4, 3303.5
3, 3303.9
7, 3312.4
2, 3313.2
4, 3316.9
3, 3317.6
6, 3324.3
4, 3341.4
3, 3341.5
2, 3342.6
7, 3342.6
6, 3345.8
1, 3346
4, 3348.3
3, 3348.7
0, 3351.5
7, 3357.2
2, 3357.6
4, 3372.9
3, 3373
7, 3374.1
2, 3374.3
6, 3377.4
1, 3377.7
4, 3378.1
3, 3378.2
0, 3379.7
7, 3380
2, 3380.4
4, 3383.6
3, 3384.1
7, 3391.4
2, 3392.3
4, 3396.4
6, 3397.7
3, 3398.2
4, 3422.4
3, 3422.6
7, 3423.6
2, 3423.7
1, 3426.8
6, 3426.8
4, 3429.3
3, 3430
0, 3432.9
7, 3438.2
2, 3440
4, 3466
3, 3466.1
7, 3467.1
2, 3467.3
6, 3470.7
1, 3471
4, 3472.9
3, 3473.5
0, 3478.2
7, 3481.2
2, 3485
4, 3519.9
3, 3520
7, 3521.1
2, 3521.2
6, 3524.7
1, 3525.1
4, 3527
3, 3527.4
0, 3532.6
7, 3535.9
2, 3538
4, 3758.5
7, 3759.7
6, 3760.1
1, 3760.4
3, 3761.9
4, 3764.3
2, 3765.3
7, 3766
6, 3766.9
0, 3767.1
1, 3767.4
4, 3769.8
3, 3770.3
7, 3776.1
6, 3777.2
4, 3778.8
1, 3779.9
4, 3815
7, 3816.2
3, 3817.8
6, 3819
1, 3819.2
2, 3821.3
4, 3821.9
0, 3825.8
7, 3830
4, 3838.1
6, 3839.6
7, 3839.7
1, 3839.9
3, 3840.9
4, 3843.5
2, 3843.9
0, 3844.6
7, 3845.7
6, 3846
1, 3846.4
4, 3848.9
3, 3849.2
7, 3856.6
6, 3857.2
1, 3860.1
4, 3860.7
4, 3887.9
7, 3889.1
3, 3890.8
1, 3891.7
6, 3891.7
2, 3894.4
4, 3894.8
0, 3896.8
7, 3903.1
4, 3918
7, 3919.2
6, 3919.5
1, 3919.8
3, 3921
4, 3922.9
2, 3923.5
0, 3924.1
7, 3925
6, 3925.9
1, 3926.5
4, 3928.7
3, 3930.5
6, 3937.1
7, 3937.2
1, 3941.7
4, 3943.7
4, 3966.4
7, 3967.6
3, 3969.4
1, 3970
6, 3970
2, 3973
4, 3973.3
0, 3975.2
7, 3981.9
6, 3982.6
1, 3983.6
4, 3997.9
7, 3999.1
6, 3999.4
1, 3999.7
3, 4001
4, 4003.1
2, 4003.8
7, 4005
0, 4005.2
6, 4006
1, 4006.5
4, 4008.5
3, 4010.1
7, 4016.3
6, 4016.7
1, 4019.9
4, 4020.5
4, 4047.4
7, 4048.6
3, 4050.5
1, 4050.9
6, 4051
2, 4054.1
4, 4054.4
0, 4056.2
6, 4062
7, 4062.5
1, 4062.7
4, 4091
7, 4092.1
3, 4094.1
6, 4094.8
1, 4095.2
2, 4098.1
4, 4098.1
0, 4104.1
7, 4105.8
4, 4144.9
7, 4146
3, 4148.1
6, 4149.2
1, 4149.5
4, 4152.1
2, 4152.2
0, 4159.1
7, 4159.8
4, 4383.5
1, 4384.3
7, 4384.7
3, 4387
4, 4389.3
2, 4390.4
1, 4390.5
7, 4391
0, 4392.1
6, 4392.5
4, 4394.8
5, 4395.3
3, 4396.1
1, 4398
7, 4401
4, 4404
1, 4412.7
4, 4440
7, 4441.2
3, 4443
1, 4443.2
2, 4446.5
4, 4446.9
0, 4448.2
7, 4454.7
6, 4457.9
1, 4459.3
4, 4463.1
7, 4464.7
1, 4465.2
3, 4466.1
4, 4468.5
2, 4469
0, 4470.6
7, 4470.7
1, 4470.8
6, 4472.8
5, 4473.7
4, 4473.9
3, 4474.7
1, 4478.6
7, 4481.5
4, 4484.9
1, 4495.5
4, 4512.9
7, 4514.1
1, 4515.4
3, 4515.9
2, 4519.4
4, 4519.8
0, 4522.1
6, 4527.4
7, 4527.9
1, 4530.7
4, 4542.9
1, 4543.8
7, 4544.2
3, 4546.1
4, 4547.8
2, 4548.5
1, 4549.4
0, 4549.9
7, 4550
6, 4550.3
4, 4553.5
5, 4554.3
3, 4556.3
1, 4556.8
7, 4562.1
4, 4566.1
1, 4574.9
4, 4591.4
7, 4592.6
1, 4593.3
3, 4594.5
2, 4598.2
4, 4598.3
0, 4599.7
6, 4603.5
1, 4604.4
7, 4606.8
4, 4622.9
1, 4623.6
7, 4624.1
3, 4626
4, 4628.1
2, 4628.8
1, 4629.4
7, 4630
0, 4630.1
6, 4630.6
5, 4633.2
4, 4633.8
3, 4635.7
1, 4636.4
7, 4641.2
4, 4645.5
1, 4653.2
4, 4672.4
7, 4673.6
1, 4674
3, 4675.5
2, 4679
4, 4679.3
0, 4680.6
1, 4683.2
6, 4684.8
7, 4687.4
4, 4716
7, 4717.1
1, 4717.9
3, 4719.2
2, 4721.5
4, 4722.9
6, 4728.9
0, 4729.1
7, 4730.7
1, 4731.7
4, 4769.9
7, 4771
3, 4773.2
1, 4774
4, 4777
2, 4777.2
7, 4784.7
0, 4788.9
4, 5008.1
1, 5009.2
7, 5009.7
0, 5011.8
3, 5012
4, 5013.4
1, 5015.3
2, 5015.4
7, 5016
4, 5017.5
6, 5017.7
5, 5019.1
0, 5020.4
3, 5020.8
1, 5022.8
4, 5023.1
7, 5026.1
4, 5033.5
2, 5036.1
1, 5040.1
4, 5064.9
7, 5066.1
1, 5066.6
3, 5068
2, 5071.4
4, 5071.5
0, 5072.4
1, 5075
6, 5078.5
7, 5078.9
4, 5087.5
1, 5088.7
7, 5089.6
3, 5091
0, 5091.1
4, 5092.3
2, 5093.1
1, 5094.7
6, 5095.6
7, 5095.6
4, 5096.2
5, 5098.7
3, 5099.4
0, 5099.6
1, 5101.3
4, 5102.2
7, 5106
4, 5114.2
1, 5116.8
4, 5137.8
7, 5139
1, 5139.3
3, 5140.9
4, 5144.4
2, 5144.5
0, 5146.1
1, 5147.7
6, 5151.3
7, 5152.1
4, 5167.4
1, 5168.4
7, 5169.2
0, 5171
3, 5171.1
4, 5172
2, 5173
1, 5173.9
6, 5174.5
7, 5174.9
4, 5176.2
5, 5177.8
0, 5180.2
1, 5181.1
3, 5181.3
4, 5182.5
7, 5187
4, 5195.5
1, 5214.3
4, 5216.3
7, 5217.6
3, 5219.4
1, 5220.2
4, 5222.6
2, 5223.1
0, 5225.5
6, 5229
4, 5231.1
7, 5231.5
1, 5235.7
4, 5247.4
1, 5248.6
7, 5249.1
0, 5250.8
3, 5251
4, 5252.1
2, 5253.3
1, 5254.1
6, 5254.5
7, 5255
4, 5256.2
5, 5257.5
0, 5259.5
3, 5260.3
1, 5261.5
4, 5262.1
7, 5266.2
4, 5273.7
4, 5297.3
1, 5297.7
7, 5298.6
3, 5300.4
4, 5303.9
2, 5304.4
1, 5305.8
0, 5306
6, 5309.5
7, 5312.7
4, 5312.8
4, 5340.8
1, 5342
7, 5342.1
3, 5344.1
4, 5347.4
2, 5347.9
0, 5350.9
1, 5350.9
7, 5356.1
4, 5369.2
4, 5394.8
7, 5396
1, 5396.7
3, 5398.1
4, 5401.6
2, 5402.3
0, 5407.1
7, 5410
6, 5410.3
1, 5431.5
4, 5633
1, 5634.2
0, 5636.8
4, 5638.3
7, 5639.3
1, 5640.3
2, 5640.5
4, 5642.5
6, 5642.8
5, 5644.4
0, 5645.2
1, 5648
4, 5648.2
4, 5657
2, 5657.1
7, 5658.2
1, 5660.7
4, 5689.9
1, 5690.5
0, 5695
4, 5695.1
7, 5695.2
2, 5696.2
1, 5698.7
6, 5702.3
4, 5704.5
4, 5713
1, 5713.5
0, 5715.9
4, 5717.8
2, 5718
7, 5718
1, 5719.3
6, 5721.3
4, 5721.8
5, 5723.2
0, 5724.4
1, 5725.9
4, 5727.9
4, 5739.3
1, 5740
4, 5762.8
1, 5763.6
0, 5767.3
4, 5767.9
7, 5768.3
2, 5769.5
1, 5772.2
6, 5776.8
4, 5777.6
4, 5792.5
1, 5793.4
0, 5795.9
4, 5797
7, 5797.8
2, 5798.1
1, 5798.7
6, 5800.5
4, 5801.2
5, 5802.6
0, 5805.1
1, 5805.9
4, 5807.7
4, 5819.7
1, 5824.1
4, 5841.1
1, 5842
0, 5845
4, 5846.2
7, 5847
2, 5848.2
1, 5850.5
6, 5852.7
4, 5856.1
4, 5872.5
1, 5873.3
0, 5875.9
4, 5877.1
7, 5878
2, 5878.4
1, 5878.8
6, 5880.5
4, 5881.2
5, 5882.1
0, 5884.9
1, 5885.9
4, 5887.3
4, 5897.8
1, 5904
4, 5922.1
1, 5922.9
0, 5925.8
4, 5927.1
7, 5928
2, 5929.2
1, 5931.5
6, 5934.5
4, 5937
4, 5965.8
1, 5966.5
0, 5969.9
4, 5971.1
7, 5971.6
2, 5972.7
1, 5975.3
4, 5981.6
4, 6019.8
1, 6020.7
7, 6025.6
4, 6026.6
2, 6027.2
1, 6029.9
0, 6031.4
4, 6258
1, 6259.2
6, 6261.6
0, 6261.8
4, 6263.3
1, 6265.3
2, 6265.5
4, 6267.5
5, 6269.3
0, 6270.2
6, 6270.3
1, 6273
4, 6273.5
4, 6281.9
2, 6282.9
1, 6284.4
4, 6314.6
1, 6315.4
0, 6317.7
4, 6319.8
2, 6320.5
6, 6322.8
1, 6323.6
4, 6330
4, 6338
1, 6338.7
0, 6340.8
6, 6340.8
4, 6342.8
2, 6343.6
1, 6344.4
4, 6346.9
5, 6347
6, 6349
0, 6349.1
1, 6351.3
4, 6353
1, 6363.9
4, 6365
4, 6387.5
1, 6388.3
0, 6391.2
4, 6392.6
2, 6394.1
6, 6396.3
1, 6396.6
4, 6402.5
4, 6417.5
1, 6418.5
6, 6420.7
0, 6420.8
4, 6422
2, 6423.4
1, 6423.7
4, 6426.2
5, 6426.8
6, 6429.4
0, 6430.2
1, 6431
4, 6432.6
4, 6444.2
1, 6445.9
4, 6466
1, 6466.8
0, 6469.5
4, 6471
2, 6472.7
6, 6474.7
1, 6475.1
4, 6480.8
4, 6497.4
1, 6498.5
6, 6500.4
0, 6500.8
4, 6502.1
2, 6503.7
1, 6504
4, 6506.3
5, 6507.1
6, 6508.7
0, 6509.9
1, 6511.3
4, 6512.6
4, 6524.2
1, 6526.1
4, 6546.9
1, 6547.8
0, 6550.3
4, 6551.9
2, 6553.5
6, 6555.3
1, 6556.1
4, 6561.8
4, 6590.4
1, 6591.5
0, 6593.9
4, 6595.6
2, 6597.5
1, 6600.4
6, 6601
4, 6605.9
4, 6644.5
1, 6645.5
0, 6648.1
4, 6649.8
2, 6651.9
1, 6654.5
6, 6658.1
4, 6660.5
4, 6883
1, 6884.2
5, 6886.6
6, 6886.6
0, 6886.7
4, 6888.3
1, 6890.3
4, 6892.4
5, 6894.6
6, 6895.4
0, 6895.5
1, 6897.6
4, 6898.6
4, 6907.3
1, 6910.9
5, 6914.3
4, 6939.5
1, 6940.5
0, 6942.3
4, 6944.7
6, 6945
1, 6949
5, 6953.9
4, 6954.9
4, 6963
1, 6963.8
6, 6965.6
0, 6965.8
5, 6966.2
4, 6967.8
1, 6969.5
4, 6971.9
6, 6973.9
0, 6974.2
5, 6974.4
1, 6976.6
4, 6978
4, 6990
1, 6991.3
4, 7012.3
1, 7013.4
0, 7015.5
6, 7016.8
4, 7017.4
1, 7021.9
4, 7027.2
5, 7027.2
4, 7042.5
1, 7043.6
6, 7045.5
0, 7045.8
5, 7045.8
4, 7047
1, 7048.8
4, 7051.1
6, 7054.2
5, 7054.3
0, 7055.2
1, 7056.3
4, 7057.5
4, 7069.2
1, 7073.1
4, 7090.8
1, 7091.9
0, 7093.9
6, 7094.6
4, 7095.9
1, 7100.4
5, 7102.6
4, 7105.8
4, 7122.4
1, 7123.5
5, 7125.5
6, 7125.5
0, 7125.7
4, 7127
1, 7129
4, 7131.1
5, 7133.7
6, 7134.1
0, 7134.5
1, 7136.4
4, 7137.2
4, 7148.7
1, 7151.7
4, 7171.9
1, 7172.9
0, 7175
6, 7175.4
4, 7176.9
1, 7181.4
5, 7181.7
4, 7186.9
4, 7215.4
1, 7216.5
0, 7218.8
6, 7219.6
4, 7220.6
1, 7225.4
4, 7230.7
5, 7237.1
4, 7269.4
1, 7270.5
0, 7272.8
4, 7274.7
1, 7279.6
6, 7282.5
4, 7285.5
4, 7508.8
1, 7509.2
5, 7511.5
6, 7511.6
0, 7511.7
4, 7514.8
1, 7515.3
5, 7519.8
6, 7520.3
0, 7520.7
4, 7521.1
1, 7522.6
7, 7523.1
4, 7531.3
3, 7533.5
1, 7535.6
4, 7565.2
1, 7565.5
6, 7567.7
0, 7567.8
5, 7570.3
4, 7573.1
1, 7574
4, 7588.4
1, 7588.8
5, 7590.5
6, 7590.6
0, 7590.9
4, 7594
1, 7594.5
5, 7598.7
6, 7598.8
0, 7599.3
4, 7600.5
1, 7601.6
7, 7603.1
4, 7612.9
1, 7617
4, 7638.1
1, 7638.4
0, 7640.7
6, 7640.8
5, 7642.1
4, 7646.1
1, 7646.9
4, 7668.2
1, 7668.6
5, 7670.5
6, 7670.5
0, 7670.9
4, 7673.3
1, 7673.8
5, 7678.9
6, 7679.4
4, 7680
0, 7680.8
1, 7681.3
7, 7683.4
4, 7692.3
1, 7699.4
4, 7716.5
1, 7716.9
6, 7719
0, 7719.1
5, 7719.5
4, 7724.2
1, 7725.4
4, 7748.1
1, 7748.5
5, 7750.4
6, 7750.4
0, 7750.8
4, 7753.5
1, 7754
5, 7758.8
6, 7759
0, 7759.9
4, 7760
1, 7761.4
7, 7762.5
4, 7772.4
1, 7778.1
4, 7797.6
1, 7797.9
6, 7799.8
0, 7800.2
5, 7800.2
4, 7805.5
1, 7806.4
4, 7841.2
1, 7841.5
6, 7843.5
0, 7843.9
5, 7844.6
4, 7849.4
1, 7850.4
4, 7895.1
1, 7895.5
6, 7897.8
0, 7897.9
4, 7903.3
1, 7904.7
4, 8133.8
6, 8136.5
5, 8136.6
0, 8136.7
1, 8137.2
4, 8139.8
2, 8143.6
5, 8144.6
6, 8145.6
0, 8146
4, 8146.3
1, 8147.3
7, 8147.7
4, 8158.1
5, 8170.1
4, 8190.2
6, 8192.4
5, 8192.6
0, 8192.8
1, 8193
4, 8198.1
4, 8213.4
5, 8215.3
6, 8215.5
0, 8215.9
1, 8216.1
4, 8219
2, 8221.2
5, 8223.2
6, 8223.7
0, 8224.4
1, 8225
4, 8225.4
7, 8228.4
4, 8239.9
4, 8263.1
6, 8265.5
0, 8265.7
5, 8265.7
1, 8266
4, 8271.1
4, 8293.2
5, 8295.4
6, 8295.6
0, 8295.9
1, 8296.1
4, 8298.3
2, 8302
5, 8303.7
6, 8304.9
4, 8305
0, 8305.8
1, 8306.7
7, 8306.9
4, 8318.8
4, 8341.6
6, 8344
0, 8344.1
5, 8344.1
1, 8344.5
4, 8349.6
2, 8367.4
4, 8373.1
5, 8375.4
6, 8375.5
0, 8375.7
1, 8376.1
4, 8378.5
2, 8383.4
5, 8383.9
6, 8384.2
0, 8384.6
4, 8385.1
1, 8386.1
7, 8386.2
4, 8400.5
4, 8422.6
5, 8424.6
6, 8425
0, 8425.1
1, 8425.5
4, 8430.6
2, 8444.8
4, 8466
5, 8468.5
6, 8468.6
0, 8468.8
1, 8469.2
4, 8473.8
4, 8520.1
6, 8522.6
0, 8522.8
5, 8522.9
1, 8523.2
4, 8528.4
4, 8760.7
5, 8761.5
6, 8761.6
1, 8762.3
2, 8767.7
4, 8768
5, 8769.8
6, 8770.6
1, 8772.7
7, 8773.6
0, 8778.7
4, 8779
5, 8790.7
4, 8816.8
5, 8817.2
6, 8817.4
1, 8818.1
2, 8829.6
4, 8839.4
5, 8840.3
6, 8840.5
1, 8841.2
4, 8846.4
2, 8847.2
5, 8848.2
6, 8848.6
1, 8850.3
7, 8852.7
0, 8854.1
4, 8861.1
4, 8889.7
5, 8890.3
6, 8890.5
1, 8890.9
2, 8904.3
4, 8919.5
5, 8920.4
6, 8920.5
1, 8921.1
2, 8925.8
4, 8926.5
5, 8929.2
6, 8929.6
1, 8931.7
7, 8932
0, 8935.2
4, 8946.5
4, 8968.3
5, 8968.9
6, 8969
1, 8969.3
2, 8980.2
4, 8999.5
5, 9000.5
6, 9000.5
1, 9001.1
2, 9005.6
4, 9006.6
5, 9008.9
6, 9009.5
1, 9011.1
7, 9011.2
0, 9014.6
4, 9021.4
4, 9049.2
5, 9049.9
6, 9050
1, 9050.3
2, 9061
4, 9092.7
5, 9093.5
6, 9093.6
1, 9094.2
2, 9108.5
4, 9146.8
5, 9147.6
6, 9147.6
1, 9148.3
5, 9386.5
6, 9386.6
1, 9387.3
7, 9387.7
3, 9390.8
2, 9392.8
4, 9393.4
5, 9394.8
6, 9395.6
1, 9397.6
7, 9397.7
0, 9402.1
3, 9411.6
4, 9412.2
5, 9413.7
6, 9424.1
5, 9442.1
6, 9442.5
1, 9443.2
2, 9451.6
4, 9452
5, 9465.3
6, 9465.5
1, 9466.2
7, 9466.6
3, 9468.9
4, 9469.9
2, 9471.4
5, 9473.2
6, 9473.6
1, 9475.5
7, 9477.1
0, 9479.5
5, 9515.1
6, 9515.3
1, 9515.9
4, 9529.2
2, 9530.1
5, 9545.4
6, 9545.5
1, 9546.2
7, 9546.6
3, 9549
4, 9549.5
2, 9550.7
5, 9554
6, 9554.6
1, 9557.2
7, 9557.4
0, 9560.3
6, 9593.7
5, 9593.9
1, 9594.3
2, 9606.5
7, 9607
5, 9625.3
6, 9625.5
1, 9626.1
7, 9626.3
3, 9628.2
4, 9629.8
2, 9630.3
5, 9633.7
6, 9634.3
1, 9636.1
7, 9636.3
0, 9638.8
3, 9650.4
6, 9674.7
5, 9674.8
1, 9675.3
4, 9684.2
7, 9684.4
2, 9685.7
3, 9691.5
5, 9718.4
6, 9718.5
1, 9719.2
4, 9728
2, 9734.2
5, 9772.5
6, 9772.5
1, 9773.2
