28, 87.8
10, 88
23, 88
25, 88
15, 88.3
18, 88.3
24, 88.3
2, 88.4
30, 88.5
8, 89.8
6, 89.9
19, 90
12, 90.4
13, 90.5
27, 90.5
11, 90.7
21, 90.7
29, 91.1
7, 91.6
9, 91.9
5, 92.2
17, 92.3
28, 92.6
3, 93
20, 93.1
25, 93.4
10, 93.6
23, 93.7
24, 94.1
15, 94.2
18, 94.3
2, 94.4
30, 94.6
28, 96.2
8, 96.9
6, 97
19, 97.3
25, 97.8
27, 98
10, 98.2
12, 98.2
23, 98.2
13, 98.4
11, 98.9
21, 99
24, 99.1
15, 99.5
29, 99.5
18, 99.9
2, 100.4
7, 100.8
30, 100.8
28, 101.3
9, 102.2
17, 103.2
5, 104.3
25, 104.3
10, 105.3
23, 106
3, 107.7
8, 107.9
24, 108.2
27, 109.6
6, 109.7
15, 109.7
28, 110.1
18, 110.2
2, 111.5
20, 111.6
19, 111.8
30, 112.9
13, 114.2
25, 115.5
10, 116.7
29, 119.3
12, 119.6
23, 120
28, 127.7
24, 129.8
15, 131.5
28, 167.5
25, 167.6
10, 167.7
23, 167.7
15, 167.9
24, 167.9
18, 168
2, 168.1
30, 168.1
8, 169.3
6, 169.5
19, 169.5
12, 169.9
13, 169.9
27, 170
11, 170.2
21, 170.3
29, 170.5
7, 171
9, 171.4
17, 171.6
5, 171.7
3, 172.1
20, 172.1
28, 172.1
25, 172.8
10, 172.9
23, 173.1
24, 173.5
15, 173.6
18, 173.7
2, 173.8
30, 173.9
28, 175.5
8, 176.1
6, 176.3
19, 176.4
25, 177.1
10, 177.2
27, 177.2
12, 177.5
13, 177.5
23, 177.5
21, 178.2
11, 178.3
24, 178.4
29, 178.5
15, 178.8
18, 179.2
2, 179.7
7, 179.8
30, 179.8
28, 180.5
9, 181.5
17, 182.7
5, 183.5
25, 183.6
10, 184
23, 184.9
20, 185.8
3, 186.6
24, 186.8
8, 188.2
15, 188.2
28, 189.1
6, 189.9
18, 190.5
19, 190.6
2, 191.8
30, 192.3
27, 192.6
25, 198.4
10, 200.9
23, 214.9
28, 247.5
10, 247.7
23, 247.7
25, 247.7
15, 248
18, 248
24, 248
2, 248.1
30, 248.1
8, 249.4
6, 249.5
19, 249.6
12, 250
13, 250
27, 250.1
11, 250.3
21, 250.3
29, 250.6
7, 251
9, 251.5
5, 251.7
17, 251.7
28, 252.1
3, 252.3
20, 252.3
25, 253
10, 253.2
23, 253.3
24, 253.7
15, 253.8
18, 254
2, 254.1
30, 254.3
28, 255.5
8, 256.4
6, 256.6
19, 256.7
25, 257
10, 257.4
27, 257.4
23, 257.6
12, 257.7
13, 257.8
11, 258.3
21, 258.4
24, 258.7
29, 258.7
15, 259
18, 259.4
2, 259.7
7, 259.9
30, 260.2
28, 260.3
9, 261.2
17, 262.4
5, 262.8
25, 263.3
10, 264.1
23, 264.8
20, 265.8
3, 265.9
24, 267.1
8, 268.1
28, 268.3
15, 268.5
6, 270
18, 270.2
19, 270.9
2, 271.1
27, 272.5
30, 272.8
25, 277.2
10, 280.1
23, 288.4
13, 288.8
28, 307
25, 307.2
10, 307.3
23, 307.3
15, 307.5
24, 307.5
2, 307.6
18, 307.6
30, 307.7
8, 309
6, 309.1
19, 309.1
12, 309.6
13, 309.6
27, 309.6
11, 309.8
21, 309.9
29, 310.2
7, 310.6
9, 311
17, 311.2
5, 311.3
28, 311.5
3, 311.9
20, 311.9
25, 312.6
10, 312.7
23, 313
24, 313.7
15, 314
18, 314.3
2, 314.7
30, 315.1
28, 319.2
25, 322.9
8, 323.4
10, 323.5
23, 324.6
6, 325.3
19, 326.1
24, 328.1
27, 329.3
15, 330.9
18, 337.9
28, 349.3
28, 632.6
25, 632.8
10, 632.9
23, 632.9
15, 633.1
24, 633.1
2, 633.2
18, 633.2
30, 633.3
8, 634.6
6, 634.7
19, 634.9
12, 635.3
27, 635.3
13, 635.4
11, 635.5
21, 635.6
29, 636
7, 636.4
9, 636.8
5, 637.1
17, 637.1
28, 637.4
3, 637.7
20, 637.8
25, 638
10, 638.1
23, 638.2
24, 638.6
15, 638.7
18, 638.7
2, 638.9
30, 639.1
28, 641.2
8, 641.4
6, 641.6
19, 641.8
25, 642.5
10, 642.6
27, 642.6
23, 643
12, 643.1
13, 643.2
24, 643.8
11, 643.9
21, 643.9
15, 644.2
29, 644.3
18, 644.6
2, 644.9
30, 645.4
7, 646.2
28, 646.5
9, 648
17, 649.1
25, 649.6
10, 650.1
5, 650.4
23, 651.3
8, 653.2
24, 653.3
15, 654.9
3, 655.1
6, 655.1
27, 655.3
18, 655.9
28, 656.5
2, 656.9
19, 657.5
30, 658.1
13, 660.1
20, 660.2
25, 661.7
10, 662.2
12, 666
23, 666
29, 670.2
24, 678
28, 693.7
10, 694
25, 694
23, 694.1
15, 694.2
24, 694.3
18, 694.4
30, 694.4
2, 694.5
8, 695.7
19, 695.7
6, 695.9
13, 696.1
12, 696.2
27, 696.2
21, 696.4
11, 696.5
29, 696.9
7, 697.2
9, 697.8
17, 698
5, 698.1
20, 698.2
28, 698.2
3, 698.4
25, 699.2
10, 699.5
23, 699.6
24, 700.3
15, 700.6
18, 701.1
30, 701.4
2, 701.5
28, 705.5
8, 708.9
25, 709
10, 710
19, 710
23, 710.1
6, 711.1
24, 712.2
27, 712.4
15, 712.5
18, 712.8
28, 712.9
30, 712.9
2, 713
13, 713.8
25, 713.8
12, 714
10, 714.3
21, 714.3
23, 714.3
11, 714.4
29, 714.7
7, 715.1
9, 716
8, 716.1
17, 716.1
5, 716.3
3, 716.4
20, 716.6
19, 717.3
24, 717.3
28, 717.3
15, 718.2
18, 719.1
6, 719.2
25, 719.3
30, 719.4
2, 719.5
10, 720
23, 720
27, 721.3
28, 721.3
24, 721.9
12, 722.6
13, 722.6
15, 722.6
8, 723.1
11, 723.2
21, 723.2
25, 723.2
29, 723.4
18, 723.8
7, 724.2
19, 724.2
10, 724.4
2, 724.5
23, 724.6
30, 724.6
9, 725.5
28, 725.6
17, 725.8
5, 726.4
6, 726.7
3, 727.1
20, 727.2
24, 727.6
15, 729.3
25, 729.4
27, 731
10, 731.4
18, 731.8
23, 731.9
28, 732.4
2, 733.4
30, 733.7
8, 734.6
13, 737.5
12, 738.8
24, 739.6
19, 741.3
25, 742
29, 742.6
15, 746.4
28, 749.8
10, 750.3
21, 753.3
23, 759.1
28, 765.3
25, 765.4
10, 765.5
18, 765.6
15, 765.7
24, 765.7
2, 765.8
30, 765.8
23, 765.9
8, 767.1
6, 767.2
19, 767.3
12, 767.7
13, 767.7
27, 767.7
11, 767.9
21, 768.2
29, 768.3
7, 768.6
9, 769.2
17, 769.3
5, 769.4
3, 769.9
20, 769.9
28, 769.9
25, 770.6
10, 770.9
23, 771.7
24, 771.7
15, 772.2
18, 772.3
2, 772.7
30, 773.1
28, 777.5
25, 780.5
8, 780.8
10, 781.6
6, 782.7
19, 783.4
23, 783.7
24, 785.5
27, 785.5
15, 788.4
18, 791.3
28, 792
2, 792.2
25, 792.4
30, 792.4
10, 792.6
23, 792.7
24, 793.1
15, 793.7
13, 793.8
12, 794.1
8, 794.2
6, 794.5
11, 794.6
19, 794.6
21, 794.7
29, 794.9
7, 795.4
27, 795.4
9, 795.9
17, 796
5, 796.2
28, 796.5
3, 796.6
20, 796.6
18, 796.7
25, 797.2
10, 797.3
23, 797.5
2, 797.6
24, 797.9
30, 797.9
15, 798.4
28, 800.1
8, 800.7
6, 801
13, 801.2
19, 801.4
12, 801.5
25, 801.5
18, 801.6
10, 801.9
23, 802.1
27, 802.3
21, 802.6
11, 802.7
29, 802.8
2, 803.2
24, 803.2
30, 803.8
15, 804.1
7, 804.4
28, 805.3
9, 806.7
17, 807.8
25, 808.4
5, 808.9
10, 809.6
23, 810.1
18, 810.6
24, 812.8
3, 813.5
20, 813.7
8, 813.9
2, 814.3
28, 814.6
15, 815.9
6, 816.9
30, 817
19, 821
27, 825.6
25, 826.6
13, 829.5
10, 838.6
28, 841.7
23, 841.9
25, 841.9
15, 842.2
18, 842.2
24, 842.2
2, 842.3
30, 842.4
10, 843.1
8, 843.6
6, 843.7
19, 843.9
12, 844.2
13, 844.3
27, 844.3
11, 844.5
21, 844.5
29, 844.8
7, 845.2
9, 845.7
5, 845.9
17, 845.9
28, 846.2
3, 846.5
20, 846.6
25, 847.3
23, 847.4
24, 848.2
15, 848.5
18, 848.8
2, 849.2
10, 849.3
30, 849.6
28, 853.9
25, 857.5
8, 858.1
23, 858.2
6, 860.1
19, 861.3
24, 862.2
10, 863.5
27, 864.7
15, 864.9
18, 868.9
28, 871.9
2, 872
25, 872.3
23, 872.4
30, 872.5
10, 872.6
24, 872.8
15, 873
18, 874
8, 874.1
13, 874.2
6, 874.3
12, 874.4
19, 874.5
11, 874.7
21, 874.8
29, 875
27, 875.2
7, 875.5
9, 876
17, 876.1
28, 876.1
5, 876.2
3, 876.5
20, 876.7
25, 876.9
23, 877
2, 877.1
10, 877.1
24, 877.4
30, 877.6
15, 877.7
18, 878.4
28, 879.7
8, 880.5
6, 880.8
19, 881.2
25, 881.3
10, 881.8
13, 881.8
23, 881.8
12, 881.9
27, 882.3
24, 882.7
2, 882.9
21, 883
11, 883.2
15, 883.3
29, 883.4
30, 883.7
18, 885
28, 885
7, 885.3
9, 887.8
25, 888.7
17, 889.2
10, 889.7
23, 890.1
5, 890.7
24, 892.7
28, 894.7
2, 894.8
8, 895.1
15, 895.1
6, 897.3
30, 898.2
18, 900.8
3, 902.5
20, 904
19, 904.9
27, 911.1
25, 921.6
28, 921.9
10, 922.1
23, 922.2
15, 922.4
18, 922.4
24, 922.4
2, 922.5
30, 922.6
8, 923.8
6, 923.9
19, 924.1
13, 924.4
12, 924.5
27, 924.6
11, 924.7
21, 924.8
29, 925.1
7, 925.4
9, 925.9
17, 926.1
5, 926.2
28, 926.4
25, 926.6
3, 926.8
20, 926.9
10, 927.5
23, 927.8
24, 928.5
15, 928.9
18, 929.3
2, 929.7
30, 930.1
28, 934.1
25, 935.5
10, 937.6
8, 938.2
23, 939
6, 939.6
19, 941.4
24, 942.6
27, 946.1
15, 946.5
18, 950.1
28, 965.8
25, 966.4
10, 966.5
23, 966.5
2, 966.7
24, 966.7
15, 966.8
18, 966.8
30, 966.9
8, 968.2
6, 968.3
19, 968.4
12, 968.8
13, 968.8
27, 968.8
11, 969
21, 969.1
29, 969.4
7, 969.8
9, 970.2
28, 970.2
5, 970.5
17, 970.5
3, 971.1
20, 971.2
25, 971.7
10, 972
23, 972.1
24, 973
15, 973.2
18, 973.5
2, 973.8
30, 974.1
28, 977.3
25, 981.7
10, 982.8
8, 982.9
23, 983.4
6, 985
19, 986.2
24, 987.5
27, 990.2
15, 990.7
18, 997.6
28, 997.7
28, 1257.6
25, 1257.8
10, 1257.9
23, 1257.9
15, 1258.1
24, 1258.1
2, 1258.2
18, 1258.2
30, 1258.3
8, 1259.6
6, 1259.7
19, 1259.9
12, 1260.3
27, 1260.3
13, 1260.4
11, 1260.5
21, 1260.6
29, 1261
7, 1261.4
9, 1261.8
5, 1262.1
17, 1262.1
28, 1262.4
3, 1262.7
20, 1262.8
25, 1263
10, 1263.1
23, 1263.1
24, 1263.6
15, 1263.7
18, 1263.8
2, 1263.9
30, 1264.1
28, 1266.2
8, 1266.4
6, 1266.6
19, 1266.8
10, 1267.6
25, 1267.6
27, 1267.6
23, 1267.9
12, 1268.1
13, 1268.2
24, 1268.8
11, 1268.9
21, 1268.9
15, 1269.2
29, 1269.3
18, 1269.6
2, 1269.9
30, 1270.5
7, 1271.2
28, 1271.5
9, 1273.1
17, 1274.5
25, 1274.6
10, 1275.1
5, 1275.5
23, 1275.9
8, 1278.3
24, 1278.3
15, 1279.9
6, 1280.2
27, 1280.3
3, 1280.4
18, 1280.9
28, 1281.5
2, 1282
19, 1282.6
30, 1283
13, 1285.2
20, 1285.3
25, 1286.9
10, 1287.4
23, 1290.5
12, 1291.3
29, 1296.6
28, 1313.9
25, 1314.3
10, 1314.4
23, 1314.4
15, 1314.6
24, 1314.6
18, 1314.7
2, 1314.8
30, 1314.8
8, 1316
19, 1316.1
6, 1316.3
13, 1316.5
12, 1316.7
27, 1316.7
11, 1317
21, 1317.1
29, 1317.2
7, 1317.4
9, 1318.1
28, 1318.3
5, 1318.4
17, 1318.4
20, 1318.5
3, 1318.6
25, 1319.5
10, 1319.9
23, 1320
24, 1320.6
15, 1320.8
18, 1321.6
30, 1321.8
2, 1322
28, 1325.4
25, 1328.6
8, 1328.9
10, 1330.5
19, 1330.6
23, 1330.8
6, 1331.7
24, 1333.7
27, 1335.5
15, 1335.6
18, 1337.3
28, 1337.3
2, 1337.5
30, 1337.6
13, 1337.7
25, 1337.8
10, 1338
23, 1338.1
12, 1338.9
24, 1338.9
29, 1339.2
11, 1339.5
8, 1339.6
21, 1339.7
19, 1340.1
7, 1340.2
6, 1340.3
15, 1340.3
9, 1340.9
17, 1341
5, 1341.3
3, 1341.4
20, 1341.6
28, 1341.6
25, 1342.5
10, 1342.8
18, 1342.8
23, 1342.9
2, 1343
30, 1343.1
27, 1343.2
24, 1343.6
15, 1344.7
28, 1345
13, 1345.4
8, 1346.1
12, 1346.4
19, 1346.8
25, 1346.9
6, 1347
29, 1347
10, 1347.5
11, 1347.5
21, 1347.5
23, 1347.5
18, 1348.1
2, 1348.6
7, 1348.9
24, 1348.9
30, 1348.9
28, 1350
9, 1350.7
15, 1351
17, 1352
27, 1352.3
5, 1353.2
25, 1354
3, 1354.9
10, 1355.1
23, 1355.4
20, 1355.8
18, 1358.6
8, 1358.7
28, 1358.7
24, 1358.9
2, 1359.6
30, 1360.7
13, 1361.2
6, 1364
19, 1365
15, 1365.9
25, 1371.6
10, 1382.8
28, 1386.7
23, 1386.9
25, 1387
15, 1387.3
18, 1387.3
24, 1387.3
2, 1387.4
30, 1387.4
10, 1387.8
8, 1388.7
6, 1388.8
19, 1388.9
12, 1389.2
13, 1389.3
27, 1389.3
11, 1389.6
21, 1389.6
29, 1389.7
7, 1390.3
9, 1390.8
5, 1391
17, 1391
28, 1391.2
3, 1391.5
20, 1391.5
23, 1392.3
25, 1392.4
24, 1393.3
15, 1393.6
10, 1393.8
18, 1394.2
2, 1394.3
30, 1394.7
28, 1398.6
8, 1402.4
25, 1402.6
23, 1403
6, 1405.1
19, 1405.9
10, 1406.6
24, 1407.2
15, 1409
27, 1409
18, 1416
28, 1416.7
2, 1417.1
25, 1417.3
30, 1417.3
23, 1417.4
10, 1417.5
24, 1417.8
15, 1417.9
8, 1419.1
12, 1419.2
13, 1419.2
6, 1419.3
19, 1419.4
11, 1419.7
21, 1419.8
29, 1420
27, 1420.1
7, 1420.5
9, 1420.9
28, 1420.9
17, 1421.1
5, 1421.2
18, 1421.4
3, 1421.5
20, 1421.6
25, 1421.8
10, 1422
23, 1422.1
2, 1422.3
24, 1422.4
30, 1422.5
15, 1422.6
28, 1424.4
8, 1425.4
6, 1425.8
19, 1426.2
25, 1426.2
18, 1426.5
10, 1426.6
12, 1426.8
13, 1426.8
23, 1426.8
27, 1427.3
24, 1427.7
2, 1428
15, 1428.1
21, 1428.1
11, 1428.2
29, 1428.4
30, 1428.7
28, 1429.7
7, 1430.3
9, 1432.8
25, 1433.3
17, 1434.1
10, 1434.3
23, 1435.1
5, 1435.7
18, 1435.9
24, 1437.7
28, 1439
15, 1439.4
8, 1439.6
2, 1440
6, 1442.7
20, 1442.7
30, 1442.9
3, 1444.4
19, 1454.4
25, 1454.9
10, 1465.1
28, 1465.4
23, 1465.6
25, 1465.7
15, 1465.9
18, 1465.9
24, 1465.9
2, 1466
30, 1466.1
27, 1466.2
8, 1467.3
6, 1467.4
19, 1467.7
12, 1467.9
13, 1467.9
11, 1468.2
21, 1468.3
29, 1468.5
7, 1468.9
9, 1469.4
17, 1469.6
5, 1469.7
28, 1469.9
3, 1470.3
20, 1470.3
10, 1470.4
23, 1471.1
25, 1471.2
24, 1472
15, 1472.2
18, 1472.5
2, 1472.9
30, 1473.3
28, 1477.6
27, 1478.3
10, 1479.9
25, 1481.5
8, 1481.8
23, 1481.9
6, 1483.2
19, 1486
24, 1486
15, 1488.7
18, 1491.7
2, 1496.8
28, 1496.8
25, 1497.2
10, 1497.3
23, 1497.3
30, 1497.4
24, 1497.7
15, 1497.8
18, 1498.2
8, 1499
6, 1499.1
13, 1499.2
12, 1499.4
19, 1499.4
27, 1499.5
11, 1499.7
21, 1499.8
29, 1499.9
7, 1500.4
9, 1500.9
17, 1501.1
28, 1501.1
5, 1501.2
3, 1501.6
20, 1501.7
25, 1501.9
10, 1502
23, 1502.2
2, 1502.3
24, 1502.6
15, 1502.7
30, 1502.8
18, 1503.1
28, 1504.8
8, 1505.5
6, 1505.7
19, 1506.1
25, 1506.2
27, 1506.5
10, 1506.6
13, 1506.6
12, 1506.9
23, 1506.9
24, 1507.7
2, 1507.8
21, 1507.9
29, 1508
11, 1508.1
15, 1508.1
30, 1508.9
18, 1509.1
7, 1510
28, 1510
9, 1512.3
17, 1513.3
25, 1513.3
10, 1514.3
5, 1514.8
23, 1514.8
24, 1517.4
15, 1519.1
2, 1519.4
28, 1519.4
8, 1519.6
6, 1521.4
3, 1521.7
18, 1522.2
30, 1522.9
20, 1524.7
27, 1525.6
19, 1526.3
25, 1535.8
10, 1546.3
28, 1546.4
23, 1546.6
25, 1546.7
15, 1546.9
18, 1546.9
24, 1546.9
2, 1547
30, 1547.1
8, 1548.3
6, 1548.5
19, 1548.6
12, 1549
13, 1549
27, 1549
11, 1549.2
21, 1549.3
29, 1549.6
7, 1550
9, 1550.4
5, 1550.7
17, 1550.7
28, 1550.9
3, 1551.3
20, 1551.4
10, 1551.7
25, 1552.2
23, 1552.3
24, 1553
15, 1553.4
18, 1553.8
2, 1553.9
30, 1554.3
28, 1558.6
10, 1561.7
25, 1562.6
8, 1563
23, 1563.5
6, 1565
19, 1566.3
24, 1567.1
27, 1568.9
15, 1571
18, 1577.3
28, 1589.5
25, 1590.1
10, 1590.2
23, 1590.2
2, 1590.3
24, 1590.4
15, 1590.5
18, 1590.5
30, 1590.6
8, 1591.9
6, 1592
19, 1592.1
12, 1592.5
13, 1592.5
27, 1592.5
11, 1592.7
21, 1592.8
29, 1593.1
7, 1593.5
28, 1593.9
9, 1594
5, 1594.2
17, 1594.2
3, 1594.8
20, 1594.9
25, 1595.4
10, 1595.7
23, 1595.8
24, 1596.7
15, 1596.9
2, 1597.3
18, 1597.5
30, 1597.9
28, 1601
25, 1605.3
10, 1606.5
8, 1606.7
23, 1607.1
6, 1608.7
24, 1611.1
19, 1611.3
27, 1613.7
15, 1614.1
28, 1621.9
18, 1630
28, 1643.9
10, 1644.1
25, 1644.1
23, 1644.2
2, 1644.4
15, 1644.4
24, 1644.4
18, 1644.5
30, 1644.6
8, 1645.8
6, 1645.9
19, 1646.1
12, 1646.5
13, 1646.5
27, 1646.5
11, 1646.7
21, 1646.8
29, 1647.1
7, 1647.5
9, 1647.9
5, 1648.2
17, 1648.2
28, 1648.5
3, 1648.8
20, 1648.9
25, 1649.5
10, 1649.8
23, 1649.9
24, 1650.6
15, 1650.9
2, 1651.4
18, 1651.4
30, 1652
28, 1656.5
25, 1659.9
8, 1660.9
10, 1661
23, 1661.7
6, 1663.8
24, 1665.5
19, 1665.9
15, 1668.7
27, 1670.2
28, 1882.6
25, 1882.8
10, 1882.9
23, 1882.9
15, 1883.1
24, 1883.1
2, 1883.2
18, 1883.2
30, 1883.3
8, 1884.6
6, 1884.7
19, 1884.9
12, 1885.3
13, 1885.3
27, 1885.3
11, 1885.5
21, 1885.6
29, 1886
7, 1886.4
9, 1886.7
5, 1887
17, 1887
28, 1887.1
3, 1887.5
25, 1887.5
20, 1887.6
10, 1887.7
23, 1887.7
24, 1888.1
15, 1888.2
18, 1888.3
2, 1888.4
30, 1888.6
28, 1891.1
8, 1891.2
6, 1891.5
19, 1891.8
25, 1892.2
10, 1892.4
23, 1892.5
27, 1892.6
12, 1893.1
13, 1893.4
24, 1893.6
15, 1893.8
18, 1894.3
11, 1894.4
21, 1894.4
2, 1894.8
29, 1894.8
30, 1895.1
28, 1896.8
7, 1897
9, 1899.4
25, 1899.5
10, 1900.3
23, 1900.9
17, 1901.1
5, 1902.9
24, 1903.9
8, 1904.6
15, 1905.3
18, 1906
27, 1906.4
6, 1906.6
28, 1907.7
30, 1908.2
2, 1908.5
3, 1908.5
19, 1909.2
13, 1911.8
25, 1912.6
10, 1913.5
20, 1914.3
23, 1916.1
12, 1918.8
28, 1938.3
25, 1938.5
10, 1938.6
23, 1938.6
15, 1938.7
24, 1938.8
18, 1938.9
30, 1938.9
2, 1939
8, 1940.1
19, 1940.2
6, 1940.4
12, 1940.8
13, 1940.8
27, 1940.9
11, 1941.1
21, 1941.2
29, 1941.3
7, 1941.7
9, 1942.2
5, 1942.5
17, 1942.5
3, 1942.8
28, 1942.8
20, 1942.9
25, 1943.8
10, 1944
23, 1944.1
15, 1944.9
24, 1944.9
18, 1945.7
30, 1945.9
2, 1946.1
28, 1950.4
8, 1952.9
25, 1953.4
10, 1954.6
19, 1954.8
23, 1954.8
6, 1955.7
24, 1958
15, 1959.1
27, 1959.6
18, 1962.3
28, 1962.3
30, 1962.3
2, 1962.5
25, 1962.7
10, 1962.9
23, 1962.9
24, 1963.7
12, 1963.9
13, 1963.9
15, 1964.1
11, 1964.4
8, 1964.5
29, 1964.5
21, 1964.6
19, 1964.9
6, 1965
7, 1965.3
9, 1965.9
17, 1966
5, 1966.1
3, 1966.4
20, 1966.6
28, 1966.7
27, 1967.4
25, 1967.5
10, 1967.8
18, 1967.8
23, 1967.9
2, 1968.1
30, 1968.1
24, 1968.6
15, 1968.9
28, 1970.1
8, 1971
12, 1971.3
13, 1971.5
6, 1971.7
19, 1971.7
25, 1971.8
10, 1972.2
11, 1972.2
29, 1972.3
23, 1972.4
21, 1972.5
18, 1973.2
2, 1973.7
30, 1973.7
24, 1973.8
7, 1974
15, 1974.5
28, 1975.1
27, 1975.7
9, 1975.8
17, 1976.8
5, 1977.5
25, 1978.6
3, 1979.5
10, 1979.6
23, 1980
20, 1980.2
8, 1983.2
24, 1983.4
18, 1983.7
28, 1983.8
2, 1984.8
30, 1985.1
15, 1986
6, 1987.1
19, 1988
25, 1995.4
13, 1998
10, 2000.4
12, 2003.2
23, 2011.6
28, 2011.6
25, 2011.9
10, 2012.1
15, 2012.2
18, 2012.2
24, 2012.2
2, 2012.3
30, 2012.3
8, 2013.6
6, 2013.7
19, 2013.8
27, 2014.2
13, 2014.4
11, 2014.5
21, 2014.5
12, 2014.7
29, 2014.8
7, 2015.2
9, 2015.7
17, 2015.8
5, 2016
28, 2016.1
3, 2016.4
20, 2016.4
23, 2016.9
25, 2017.3
10, 2017.6
24, 2018.3
15, 2018.5
18, 2019.1
2, 2019.2
30, 2019.6
28, 2023.5
23, 2026.9
8, 2027.3
25, 2027.5
10, 2028.2
6, 2030.1
19, 2030.9
24, 2031.9
27, 2033.5
15, 2034.2
18, 2040.9
28, 2041.8
2, 2042.1
25, 2042.3
30, 2042.3
10, 2042.4
23, 2042.4
24, 2042.8
15, 2042.9
8, 2044.1
6, 2044.3
12, 2044.4
13, 2044.4
19, 2044.4
11, 2044.7
21, 2044.8
27, 2045.1
29, 2045.1
7, 2045.5
9, 2046
28, 2046
17, 2046.1
18, 2046.1
5, 2046.2
3, 2046.6
20, 2046.6
10, 2046.9
25, 2046.9
23, 2047
2, 2047.2
24, 2047.5
30, 2047.5
15, 2047.7
28, 2049.7
8, 2050.4
6, 2050.9
18, 2051.2
19, 2051.2
25, 2051.3
10, 2051.6
23, 2051.7
12, 2051.9
13, 2052
27, 2052.2
24, 2052.7
2, 2053.1
11, 2053.2
15, 2053.3
21, 2053.3
29, 2053.4
30, 2053.7
28, 2055.1
7, 2055.3
9, 2057.8
25, 2058.7
10, 2059.5
17, 2059.7
23, 2059.7
18, 2060.5
5, 2060.7
24, 2062.7
8, 2064.6
15, 2064.9
2, 2065
28, 2065.1
30, 2068
3, 2069
6, 2069
20, 2070.6
19, 2075.3
27, 2077.4
25, 2086
10, 2090.4
28, 2090.4
23, 2090.6
15, 2090.9
18, 2090.9
24, 2090.9
2, 2091
30, 2091.1
25, 2091.3
8, 2092.3
6, 2092.4
19, 2092.6
12, 2092.9
13, 2092.9
27, 2093.1
11, 2093.2
21, 2093.3
29, 2093.5
7, 2093.9
9, 2094.4
17, 2094.6
5, 2094.7
28, 2094.9
3, 2095.3
20, 2095.3
10, 2095.9
23, 2096.1
24, 2097
25, 2097
15, 2097.2
18, 2097.6
2, 2097.9
30, 2098.3
28, 2102.6
10, 2106.1
8, 2106.8
23, 2106.9
6, 2108
25, 2108.6
19, 2109.5
24, 2111.1
15, 2113.7
27, 2116.4
18, 2118.3
28, 2121.7
2, 2122.1
10, 2122.3
23, 2122.3
25, 2122.3
30, 2122.4
24, 2122.7
15, 2122.8
18, 2123.7
8, 2124
6, 2124.1
19, 2124.3
12, 2124.4
13, 2124.4
11, 2124.7
21, 2124.8
29, 2125
7, 2125.5
27, 2125.5
9, 2126
17, 2126
28, 2126.1
5, 2126.2
3, 2126.6
20, 2126.7
10, 2127
25, 2127
23, 2127.2
2, 2127.4
24, 2127.6
15, 2127.8
30, 2127.8
18, 2128.4
28, 2129.8
8, 2130.5
6, 2130.6
19, 2131
25, 2131.4
10, 2131.6
12, 2131.9
23, 2131.9
13, 2132
24, 2132.7
21, 2132.9
27, 2132.9
11, 2133.1
2, 2133.3
15, 2133.3
29, 2133.3
30, 2133.9
18, 2134.6
7, 2135
28, 2135
9, 2137.3
17, 2138.1
25, 2138.5
10, 2139.3
5, 2139.9
23, 2139.9
24, 2142.4
28, 2144.4
8, 2144.5
15, 2144.7
2, 2145.2
6, 2146
3, 2147.1
30, 2148.5
18, 2149.2
19, 2149.9
20, 2150.1
25, 2161.5
10, 2171.1
28, 2171.3
23, 2171.5
25, 2171.7
15, 2171.8
24, 2171.8
2, 2171.9
18, 2171.9
30, 2172
8, 2173.2
6, 2173.4
19, 2173.5
27, 2173.7
13, 2173.8
12, 2173.9
11, 2174.1
21, 2174.2
29, 2174.5
7, 2174.9
9, 2175.3
5, 2175.6
17, 2175.6
28, 2175.8
3, 2176.2
10, 2176.3
20, 2176.3
25, 2177.1
23, 2177.2
24, 2177.9
15, 2178.4
18, 2178.7
2, 2178.8
30, 2179.5
28, 2183.5
10, 2185.9
25, 2187.5
8, 2187.9
23, 2188.8
6, 2190
19, 2191.1
24, 2192.1
27, 2193.5
15, 2196
18, 2202.2
28, 2214.5
25, 2215.1
10, 2215.2
23, 2215.2
2, 2215.3
24, 2215.4
15, 2215.5
18, 2215.6
30, 2215.6
8, 2216.9
6, 2217
19, 2217.1
12, 2217.5
13, 2217.5
27, 2217.5
11, 2217.8
21, 2217.8
29, 2218.1
7, 2218.5
28, 2218.9
9, 2219
5, 2219.2
17, 2219.2
3, 2219.8
20, 2220
25, 2220.4
10, 2220.7
23, 2220.8
24, 2221.7
15, 2222
2, 2222.3
18, 2222.5
30, 2222.9
28, 2226
25, 2230.4
10, 2231.5
8, 2231.6
23, 2232.2
6, 2234.7
24, 2236.2
19, 2236.3
15, 2239.1
27, 2239.3
28, 2247.8
18, 2255.4
28, 2268.5
10, 2268.7
25, 2268.7
23, 2268.8
2, 2269
15, 2269
24, 2269
18, 2269.1
30, 2269.2
8, 2270.4
6, 2270.5
19, 2270.7
12, 2271.1
13, 2271.1
27, 2271.1
11, 2271.3
21, 2271.4
29, 2271.7
7, 2272.1
9, 2272.5
5, 2272.8
17, 2272.8
28, 2273.1
3, 2273.5
20, 2273.6
25, 2274.1
10, 2274.4
23, 2274.5
24, 2275.2
15, 2275.5
2, 2276
18, 2276
30, 2276.6
28, 2281.1
25, 2284.5
10, 2285.7
8, 2286
23, 2286.3
6, 2288.5
19, 2290.5
24, 2290.7
15, 2293.4
27, 2299.4
28, 2507.6
25, 2507.8
10, 2507.9
23, 2507.9
15, 2508.1
24, 2508.1
2, 2508.2
18, 2508.2
30, 2508.3
8, 2509.6
6, 2509.7
19, 2509.9
12, 2510.3
27, 2510.3
13, 2510.4
11, 2510.5
21, 2510.6
29, 2511
7, 2511.4
9, 2511.8
5, 2512.1
17, 2512.1
28, 2512.5
3, 2512.8
20, 2512.9
25, 2513.2
10, 2513.3
23, 2513.3
24, 2513.8
15, 2513.9
18, 2514
2, 2514.1
30, 2514.3
28, 2516.2
8, 2516.6
6, 2516.7
19, 2517
25, 2517.5
27, 2517.7
10, 2517.8
23, 2518
12, 2518.1
13, 2518.2
11, 2518.8
21, 2518.9
24, 2519.1
15, 2519.3
29, 2519.3
18, 2519.7
2, 2520.2
30, 2520.8
7, 2520.9
28, 2521.5
9, 2522.5
17, 2523.9
25, 2524.2
5, 2524.5
10, 2525
23, 2525.8
8, 2528.4
24, 2528.6
15, 2529.7
3, 2529.8
6, 2530.3
18, 2530.3
27, 2530.3
28, 2531.2
19, 2532
2, 2532.2
20, 2532.8
30, 2533.3
13, 2534.9
25, 2536.1
10, 2536.8
23, 2540.1
12, 2540.4
29, 2545.2
28, 2558
15, 2563.9
25, 2564.1
10, 2564.2
23, 2564.3
24, 2564.4
28, 2564.4
2, 2564.6
18, 2564.6
30, 2564.6
8, 2565.8
6, 2566
19, 2566
13, 2566.4
12, 2566.5
27, 2566.5
11, 2566.8
21, 2566.8
29, 2567
7, 2567.4
9, 2567.9
17, 2568.1
5, 2568.3
3, 2568.4
20, 2568.6
28, 2569.1
25, 2569.4
10, 2569.8
15, 2569.8
23, 2569.8
24, 2570.4
18, 2571.4
30, 2571.6
2, 2571.8
28, 2577.3
8, 2578.6
25, 2579
10, 2580.3
23, 2580.9
19, 2581
6, 2582.2
15, 2582.3
24, 2583.4
27, 2585.2
18, 2587.4
28, 2587.5
30, 2587.5
2, 2587.6
25, 2587.8
10, 2588
23, 2588.1
13, 2588.5
15, 2588.6
12, 2588.9
24, 2588.9
8, 2589.6
29, 2589.6
11, 2589.7
21, 2589.7
19, 2590.3
7, 2590.4
6, 2590.5
9, 2591
17, 2591.1
5, 2591.3
3, 2591.5
20, 2591.7
28, 2591.9
25, 2592.8
10, 2593
18, 2593
23, 2593
27, 2593
2, 2593.3
30, 2593.3
15, 2593.7
24, 2593.8
28, 2595.4
13, 2596.1
8, 2596.2
12, 2596.5
19, 2596.9
25, 2597.1
6, 2597.2
29, 2597.4
10, 2597.5
21, 2597.5
11, 2597.6
23, 2597.7
18, 2598.5
2, 2598.9
30, 2599
7, 2599.1
24, 2599.1
15, 2599.2
28, 2600.4
9, 2600.7
27, 2601.6
17, 2601.9
5, 2603.1
25, 2603.9
10, 2604.9
3, 2605
20, 2605.4
23, 2605.6
8, 2608.7
18, 2609
24, 2609.1
28, 2609.1
15, 2609.9
2, 2610.4
30, 2610.8
13, 2614.3
19, 2614.4
6, 2615.7
25, 2621
10, 2626.3
12, 2628.5
28, 2636.9
23, 2637.1
25, 2637.2
10, 2637.4
15, 2637.5
18, 2637.5
24, 2637.5
2, 2637.6
30, 2637.7
8, 2638.9
6, 2639.1
19, 2639.1
13, 2639.5
27, 2639.6
11, 2639.8
21, 2639.9
12, 2640
29, 2640
7, 2640.5
9, 2641
17, 2641.2
5, 2641.3
28, 2641.4
20, 2641.7
3, 2641.8
25, 2642.6
23, 2642.7
10, 2642.9
24, 2643.6
15, 2643.8
18, 2644.4
2, 2644.5
30, 2644.9
28, 2648.8
8, 2652.7
25, 2652.8
10, 2653.6
23, 2653.7
6, 2655.3
19, 2656.3
24, 2657.5
27, 2659.5
15, 2659.9
18, 2666.1
28, 2666.7
2, 2667.1
25, 2667.3
10, 2667.4
23, 2667.4
30, 2667.4
24, 2667.8
15, 2668
8, 2669.1
13, 2669.2
6, 2669.3
12, 2669.4
19, 2669.5
11, 2669.7
21, 2669.8
29, 2670
27, 2670.2
7, 2670.5
9, 2671
17, 2671.1
28, 2671.1
5, 2671.2
18, 2671.4
3, 2671.6
20, 2671.6
25, 2671.9
10, 2672
23, 2672.1
2, 2672.4
24, 2672.6
30, 2672.6
15, 2672.7
28, 2674.7
8, 2675.4
6, 2675.9
19, 2676.2
18, 2676.4
25, 2676.5
10, 2676.6
13, 2676.7
23, 2676.8
12, 2676.9
27, 2677.4
24, 2677.8
21, 2678
2, 2678.2
11, 2678.2
15, 2678.4
29, 2678.4
30, 2678.7
28, 2679.9
7, 2680.2
9, 2682.6
25, 2683.8
10, 2684.2
17, 2684.4
23, 2684.8
5, 2685.4
18, 2685.9
24, 2687.9
8, 2689.6
28, 2689.6
15, 2690.1
2, 2690.2
30, 2692.5
3, 2692.7
6, 2693.5
20, 2693.8
19, 2703.1
25, 2708.9
10, 2714.7
28, 2715.5
23, 2715.7
15, 2716
18, 2716
24, 2716
2, 2716.1
25, 2716.1
30, 2716.2
27, 2717.1
8, 2717.4
6, 2717.5
19, 2717.8
13, 2718
12, 2718.1
11, 2718.3
21, 2718.4
29, 2718.6
7, 2719
9, 2719.5
10, 2719.6
17, 2719.7
5, 2719.8
28, 2720.1
3, 2720.4
20, 2720.4
23, 2721.2
25, 2721.6
24, 2722.1
15, 2722.3
18, 2722.7
2, 2723
30, 2723.4
28, 2727.7
10, 2728.1
27, 2731.4
8, 2732
23, 2732.4
25, 2732.7
6, 2733.1
19, 2735.4
24, 2736.2
15, 2738.8
18, 2743.3
28, 2746.8
2, 2747.1
10, 2747.2
25, 2747.3
23, 2747.4
30, 2747.4
24, 2747.7
15, 2747.8
18, 2748.7
8, 2749
6, 2749.1
13, 2749.3
19, 2749.3
12, 2749.4
27, 2749.6
11, 2749.7
21, 2749.8
29, 2750
7, 2750.5
9, 2751
17, 2751.1
5, 2751.2
28, 2751.2
3, 2751.7
20, 2751.8
10, 2752.1
25, 2752.1
23, 2752.3
2, 2752.5
24, 2752.7
15, 2752.9
30, 2752.9
18, 2753.5
28, 2754.7
8, 2755.6
6, 2755.8
19, 2756.1
25, 2756.4
10, 2756.6
27, 2756.6
13, 2756.8
12, 2756.9
23, 2756.9
24, 2757.8
21, 2757.9
11, 2758
29, 2758.1
2, 2758.3
15, 2758.4
30, 2759.2
18, 2759.7
28, 2759.7
7, 2759.8
9, 2762
17, 2763.2
25, 2763.6
10, 2764
5, 2764.9
23, 2764.9
24, 2767.5
28, 2768.8
8, 2769.1
15, 2769.3
2, 2770.2
6, 2770.6
3, 2771.3
20, 2772.1
30, 2773.5
18, 2773.6
27, 2775.6
19, 2776
25, 2784.5
10, 2788.1
28, 2796.5
23, 2796.7
25, 2796.8
10, 2797
15, 2797
24, 2797
2, 2797.1
18, 2797.1
30, 2797.2
8, 2798.4
6, 2798.6
19, 2798.6
13, 2799
12, 2799.1
27, 2799.1
11, 2799.3
21, 2799.4
29, 2799.7
7, 2800.1
9, 2800.6
5, 2800.8
17, 2800.8
28, 2801.1
3, 2801.5
20, 2801.5
25, 2802.1
23, 2802.4
10, 2802.6
24, 2803.1
15, 2803.6
18, 2803.9
2, 2804.1
30, 2804.7
28, 2808.7
25, 2812.5
8, 2813.1
10, 2813.8
23, 2814
6, 2815.2
19, 2815.3
24, 2817.3
27, 2819.6
15, 2821.3
18, 2827.5
28, 2839.8
25, 2840.2
10, 2840.3
23, 2840.3
2, 2840.5
15, 2840.6
24, 2840.6
18, 2840.7
30, 2840.7
8, 2842
6, 2842.1
19, 2842.2
12, 2842.6
13, 2842.6
27, 2842.7
11, 2842.9
21, 2842.9
29, 2843.2
7, 2843.6
9, 2844.1
5, 2844.3
17, 2844.3
28, 2844.4
3, 2845
20, 2845.1
25, 2845.7
10, 2845.8
23, 2845.9
24, 2846.8
15, 2847
2, 2847.3
18, 2847.6
30, 2848
28, 2852
25, 2855.9
10, 2856.6
8, 2856.8
23, 2857.3
6, 2859.8
24, 2861.4
19, 2861.8
27, 2863.4
15, 2864.5
18, 2881.8
2, 2885.1
28, 2893.8
10, 2894.2
25, 2894.2
23, 2894.3
15, 2894.5
24, 2894.5
18, 2894.6
30, 2894.7
2, 2894.8
8, 2895.9
6, 2896.1
19, 2896.2
12, 2896.6
13, 2896.6
27, 2896.6
11, 2896.8
21, 2896.9
29, 2897.2
7, 2897.6
9, 2898
5, 2898.3
17, 2898.3
28, 2898.5
3, 2899
20, 2899.1
25, 2899.6
10, 2899.9
23, 2900
24, 2900.7
15, 2901
18, 2901.5
2, 2902.1
30, 2902.1
28, 2906.4
25, 2910
10, 2911.2
8, 2911.6
23, 2912.2
6, 2914
24, 2916.2
19, 2916.3
15, 2918.9
27, 2926.4
28, 3132.8
10, 3133
25, 3133
23, 3133.1
15, 3133.3
24, 3133.3
18, 3133.4
2, 3133.5
30, 3133.6
8, 3135.2
6, 3135.3
19, 3135.5
27, 3136
12, 3136.1
13, 3136.2
11, 3136.4
21, 3136.5
29, 3136.9
7, 3137.7
28, 3137.7
9, 3138.3
25, 3138.4
10, 3138.5
23, 3138.6
5, 3138.8
17, 3138.8
24, 3139
15, 3139.1
18, 3139.3
2, 3139.4
30, 3139.6
3, 3139.8
20, 3139.9
28, 3141.3
8, 3142.3
6, 3142.5
19, 3142.9
25, 3142.9
10, 3143.2
23, 3143.4
27, 3143.7
24, 3144.4
12, 3144.6
15, 3144.8
13, 3144.9
18, 3145.5
2, 3145.8
21, 3146
11, 3146.2
30, 3146.5
28, 3146.7
29, 3147
25, 3150.5
10, 3151.5
7, 3152.4
23, 3152.5
24, 3156.8
28, 3159.1
15, 3161.3
18, 3170.2
28, 3189.4
25, 3189.6
10, 3189.7
23, 3189.7
24, 3189.9
15, 3190
18, 3190
2, 3190.1
30, 3190.1
8, 3191.7
6, 3191.8
19, 3192
27, 3192.3
12, 3192.7
13, 3192.7
11, 3193.1
21, 3193.1
29, 3193.3
7, 3194.1
28, 3194.2
9, 3194.9
25, 3195.3
17, 3195.4
5, 3195.6
10, 3195.6
23, 3195.8
24, 3196.5
3, 3196.9
20, 3197.1
15, 3197.2
18, 3197.5
2, 3198
30, 3198.2
28, 3203.1
25, 3209.1
10, 3212.2
23, 3212.5
28, 3212.7
24, 3212.9
15, 3213.1
18, 3213.1
2, 3213.2
30, 3213.3
25, 3213.8
8, 3214.5
6, 3214.8
19, 3215
27, 3215.2
12, 3215.7
13, 3215.7
11, 3216.1
21, 3216.1
29, 3216.4
7, 3217
28, 3217.2
10, 3217.3
9, 3217.7
23, 3217.7
17, 3218
5, 3218.1
24, 3218.2
15, 3218.5
25, 3218.5
18, 3218.6
2, 3218.7
3, 3218.8
30, 3218.9
20, 3219
28, 3220.8
8, 3221.3
10, 3221.6
6, 3221.7
23, 3222.1
19, 3222.3
27, 3222.6
25, 3223.2
24, 3223.3
12, 3224
13, 3224.1
15, 3224.1
18, 3224.5
2, 3224.8
30, 3225.4
11, 3225.8
21, 3225.8
29, 3225.8
28, 3226.1
10, 3228.7
23, 3230
7, 3230.3
25, 3231.4
24, 3233.7
28, 3237.5
15, 3238.6
18, 3240.1
28, 3262.2
25, 3262.4
10, 3262.5
23, 3262.6
15, 3262.8
18, 3262.8
24, 3262.8
2, 3262.9
30, 3263
8, 3264.5
6, 3264.7
19, 3264.9
27, 3265.2
12, 3265.5
13, 3265.5
11, 3265.9
21, 3266
29, 3266.2
7, 3266.9
28, 3266.9
9, 3267.7
25, 3267.9
17, 3268.1
10, 3268.3
5, 3268.4
23, 3268.7
24, 3269.4
3, 3269.8
15, 3269.8
20, 3270
18, 3270.1
2, 3270.6
30, 3271.1
28, 3275.5
25, 3280.8
10, 3285.3
28, 3292.3
23, 3292.4
25, 3292.6
24, 3292.8
10, 3292.9
15, 3292.9
18, 3292.9
2, 3293
30, 3293.1
8, 3294.5
6, 3294.7
19, 3294.9
27, 3295.3
13, 3295.5
12, 3295.6
11, 3295.9
21, 3296
29, 3296.2
28, 3296.6
7, 3296.8
23, 3297.1
25, 3297.1
9, 3297.3
10, 3297.4
17, 3297.5
5, 3297.6
24, 3297.6
15, 3297.8
18, 3297.8
2, 3298
30, 3298.2
3, 3298.3
20, 3298.4
28, 3300.4
8, 3301.2
25, 3301.7
6, 3301.8
23, 3301.9
10, 3302.3
19, 3302.4
27, 3302.9
24, 3303
15, 3303.7
18, 3303.9
2, 3304.5
30, 3305.1
12, 3305.2
13, 3305.2
28, 3306.2
29, 3307.4
11, 3307.6
21, 3307.6
25, 3309.7
23, 3311
10, 3311.4
24, 3315.3
7, 3317.4
28, 3321.8
18, 3325
15, 3326.3
28, 3340.8
25, 3340.9
10, 3341
23, 3341.1
15, 3341.3
24, 3341.3
2, 3341.4
18, 3341.4
30, 3341.5
8, 3343.1
6, 3343.2
19, 3343.4
27, 3343.7
12, 3344
13, 3344
11, 3344.4
21, 3344.5
29, 3344.6
7, 3345.4
28, 3345.4
9, 3346.2
25, 3346.4
17, 3346.6
10, 3346.8
5, 3346.9
23, 3347.2
24, 3347.9
15, 3348.3
3, 3348.4
20, 3348.7
18, 3348.9
2, 3349.1
30, 3349.6
28, 3354.1
25, 3359.3
10, 3363.8
28, 3372.3
23, 3372.4
25, 3372.5
10, 3372.7
15, 3372.8
18, 3372.8
24, 3372.8
2, 3372.9
30, 3373.1
8, 3374.6
6, 3374.7
19, 3374.9
27, 3375.2
12, 3375.5
13, 3375.5
11, 3375.9
21, 3375.9
29, 3376.2
28, 3376.7
7, 3376.8
25, 3377.3
9, 3377.4
23, 3377.4
10, 3377.5
17, 3377.7
5, 3377.8
15, 3377.9
24, 3377.9
18, 3378
2, 3378.2
30, 3378.4
3, 3378.5
20, 3378.6
28, 3380.5
8, 3381.3
6, 3381.6
25, 3381.8
19, 3382.1
10, 3382.2
23, 3382.2
27, 3382.6
24, 3383.1
15, 3383.6
18, 3384
12, 3384.4
13, 3384.4
2, 3384.6
30, 3385.2
28, 3386
21, 3386.3
29, 3386.6
11, 3386.7
25, 3389.6
10, 3390.8
23, 3391.3
7, 3392.8
24, 3394.8
28, 3399.5
15, 3399.6
18, 3402.4
28, 3421.8
10, 3422
25, 3422
23, 3422.1
15, 3422.3
18, 3422.3
24, 3422.3
2, 3422.4
30, 3422.5
8, 3424.1
6, 3424.2
19, 3424.4
27, 3424.7
12, 3425
13, 3425
11, 3425.4
21, 3425.5
29, 3425.7
7, 3426.4
28, 3426.4
9, 3427.2
25, 3427.4
17, 3427.7
10, 3427.8
5, 3427.9
23, 3428.2
24, 3428.9
15, 3429.3
3, 3429.5
18, 3429.7
20, 3429.7
2, 3430.1
30, 3430.7
28, 3435.1
25, 3440.4
10, 3444.9
28, 3465.3
10, 3465.5
25, 3465.5
23, 3465.6
15, 3465.8
24, 3465.8
2, 3465.9
18, 3465.9
30, 3466.1
8, 3467.6
6, 3467.7
19, 3467.9
27, 3468.3
12, 3468.5
13, 3468.5
11, 3468.9
21, 3469
29, 3469.2
7, 3469.9
28, 3469.9
9, 3470.7
17, 3471.2
25, 3471.2
10, 3471.3
5, 3471.4
23, 3471.7
24, 3472.5
15, 3472.8
3, 3473
20, 3473.3
18, 3473.5
2, 3473.6
30, 3474.5
28, 3478.6
25, 3485.4
10, 3488.9
28, 3519.2
25, 3519.4
10, 3519.5
23, 3519.5
24, 3519.7
15, 3519.8
18, 3519.8
2, 3519.9
30, 3520
8, 3521.5
6, 3521.7
19, 3521.9
27, 3522.3
12, 3522.5
13, 3522.5
11, 3522.9
21, 3522.9
29, 3523.2
7, 3523.9
28, 3524
9, 3524.7
25, 3525.1
17, 3525.2
5, 3525.4
10, 3525.4
23, 3525.6
24, 3526.4
15, 3527
3, 3527.1
18, 3527.4
20, 3527.4
2, 3527.8
30, 3528.4
28, 3533
25, 3539.5
10, 3547.7
18, 3757.6
25, 3758
10, 3758.1
24, 3758.4
28, 3758.4
2, 3758.5
30, 3758.6
29, 3759.3
8, 3760.2
6, 3760.4
23, 3760.5
12, 3761.2
13, 3761.3
11, 3761.6
21, 3761.6
18, 3762.4
19, 3762.4
15, 3762.5
7, 3762.8
9, 3763.4
25, 3763.4
10, 3763.6
5, 3763.9
17, 3763.9
24, 3764.1
28, 3764.1
2, 3764.4
30, 3764.6
3, 3764.9
20, 3765
29, 3765.7
18, 3765.9
8, 3767.2
6, 3767.6
23, 3767.9
25, 3767.9
10, 3768.3
24, 3769.5
12, 3769.7
28, 3769.7
13, 3770
2, 3770.8
18, 3770.9
11, 3771.4
21, 3771.5
30, 3771.5
19, 3772.4
29, 3774.3
25, 3775.5
10, 3776.4
7, 3777.1
15, 3777.4
18, 3779.4
28, 3781
24, 3781.4
10, 3814.6
25, 3814.6
18, 3814.9
24, 3814.9
28, 3814.9
2, 3815.1
30, 3815.2
8, 3816.7
6, 3816.8
23, 3817
13, 3817.5
12, 3817.6
11, 3817.9
21, 3818
29, 3818.1
7, 3819
15, 3819
9, 3819.9
17, 3820
10, 3820.3
25, 3820.3
5, 3820.6
24, 3821.6
20, 3821.8
28, 3821.8
3, 3822
18, 3822.1
2, 3823
30, 3823.6
10, 3834.8
25, 3835.4
18, 3837.3
24, 3837.9
28, 3837.9
2, 3838.2
30, 3838.4
29, 3839
10, 3839.2
8, 3839.4
25, 3839.6
6, 3839.8
23, 3840
13, 3840.6
12, 3840.7
11, 3840.9
21, 3841
15, 3841.7
18, 3841.7
7, 3842
19, 3842
17, 3842.5
9, 3842.7
5, 3843.2
24, 3843.2
28, 3843.3
3, 3843.5
2, 3843.7
10, 3843.8
20, 3843.9
25, 3843.9
30, 3844
29, 3844.9
18, 3845.1
8, 3846.3
6, 3846.7
23, 3847.2
24, 3848.3
10, 3848.6
28, 3848.6
13, 3848.8
25, 3848.9
12, 3849
2, 3849.8
18, 3850
11, 3850.4
21, 3850.5
30, 3850.7
19, 3853
29, 3853
7, 3854.3
15, 3854.5
10, 3856.8
25, 3858
18, 3858.3
24, 3858.5
28, 3858.8
8, 3862.8
17, 3862.9
10, 3887.5
25, 3887.5
18, 3887.7
24, 3887.8
28, 3887.8
2, 3887.9
30, 3888
8, 3889.5
6, 3889.7
23, 3889.8
13, 3890.3
12, 3890.5
11, 3890.7
21, 3890.8
29, 3890.8
7, 3891.8
15, 3891.9
9, 3892.7
17, 3892.7
25, 3892.9
10, 3893.2
5, 3893.4
24, 3894.4
20, 3894.5
3, 3894.7
18, 3894.7
28, 3894.7
2, 3895.6
30, 3896.1
25, 3906.2
10, 3907.4
18, 3917.2
25, 3917.6
10, 3917.7
24, 3917.8
28, 3917.8
2, 3918
30, 3918.1
29, 3918.8
8, 3919.5
6, 3919.7
23, 3919.9
13, 3920.4
12, 3920.5
11, 3920.8
21, 3920.9
15, 3921.5
18, 3921.5
7, 3921.7
19, 3922
17, 3922.1
25, 3922.1
10, 3922.2
9, 3922.3
5, 3922.6
24, 3922.6
28, 3922.7
3, 3922.9
2, 3923
30, 3923.2
20, 3923.3
29, 3924.7
18, 3925.2
8, 3926.2
25, 3926.7
6, 3926.8
10, 3926.9
23, 3927.4
24, 3928
28, 3928.2
2, 3929.5
12, 3929.8
13, 3929.8
30, 3930.2
18, 3930.5
11, 3931.9
21, 3932
19, 3932.1
29, 3933.3
25, 3934.8
10, 3935.2
7, 3938.1
18, 3940.2
24, 3940.2
28, 3940.2
15, 3946.9
10, 3966
25, 3966
18, 3966.2
24, 3966.3
28, 3966.3
2, 3966.4
30, 3966.5
8, 3968
6, 3968.2
23, 3968.4
13, 3968.9
12, 3969
11, 3969.2
21, 3969.3
29, 3969.3
7, 3970.3
15, 3970.4
9, 3971.2
17, 3971.2
25, 3971.4
10, 3971.7
5, 3971.9
24, 3973
20, 3973.1
18, 3973.2
28, 3973.2
3, 3973.3
2, 3974.1
30, 3974.6
18, 3979.8
29, 3980.7
19, 3981.6
25, 3985.4
10, 3986.1
18, 3996.2
25, 3997.5
10, 3997.6
24, 3997.8
28, 3997.8
2, 3997.9
30, 3998
29, 3998.7
8, 3999.5
6, 3999.6
23, 3999.9
18, 4000.2
13, 4000.4
12, 4000.5
11, 4000.7
21, 4000.8
19, 4001.6
7, 4001.8
15, 4001.8
25, 4002.3
9, 4002.4
10, 4002.4
17, 4002.5
5, 4002.8
28, 4002.8
24, 4002.9
2, 4003.2
30, 4003.3
3, 4003.5
20, 4003.5
18, 4003.9
29, 4004.8
8, 4006.2
6, 4006.6
25, 4006.8
10, 4007.1
23, 4007.3
24, 4008.1
18, 4008.2
28, 4008.3
13, 4009.1
12, 4009.4
2, 4009.6
30, 4010
19, 4011.1
11, 4011.2
21, 4011.2
29, 4013
25, 4014.6
18, 4015.1
10, 4015.4
7, 4016.9
24, 4019.5
28, 4019.6
15, 4023.7
10, 4047
25, 4047
18, 4047.2
24, 4047.3
28, 4047.3
2, 4047.4
30, 4047.5
8, 4049
6, 4049.2
23, 4049.4
13, 4049.9
12, 4050
11, 4050.2
29, 4050.3
21, 4050.4
7, 4051.4
15, 4051.4
9, 4052.2
17, 4052.3
25, 4052.4
10, 4052.7
5, 4052.9
24, 4053.9
18, 4054.1
20, 4054.1
3, 4054.2
28, 4054.2
2, 4055.1
30, 4055.7
29, 4059.5
19, 4059.9
18, 4061
25, 4065.7
10, 4068.1
10, 4090.5
25, 4090.5
18, 4090.7
24, 4090.8
28, 4090.8
2, 4090.9
30, 4091.1
8, 4092.4
6, 4092.7
23, 4092.9
12, 4093.5
13, 4093.5
11, 4093.8
21, 4093.9
29, 4093.9
7, 4094.9
15, 4095
9, 4095.7
17, 4095.9
25, 4096.2
10, 4096.3
5, 4096.4
24, 4097.5
18, 4097.7
28, 4097.7
20, 4097.8
3, 4097.9
2, 4098.6
30, 4099.5
25, 4111.2
10, 4112.3
25, 4144.4
10, 4144.5
18, 4144.7
28, 4144.7
24, 4144.8
2, 4144.9
30, 4145
8, 4146.5
6, 4146.7
23, 4146.9
13, 4147.4
12, 4147.5
11, 4147.8
21, 4147.9
29, 4148
7, 4148.9
15, 4148.9
9, 4149.7
17, 4150
25, 4150.1
10, 4150.2
5, 4150.4
24, 4151.4
28, 4151.7
18, 4152
20, 4152
3, 4152.1
2, 4152.9
30, 4153.4
25, 4165.5
10, 4167.2
18, 4382.2
25, 4382.5
28, 4382.7
10, 4383.1
24, 4383.4
2, 4383.5
3, 4383.8
8, 4385.2
30, 4385.5
23, 4385.6
0, 4385.7
18, 4386
12, 4386.2
13, 4386.3
11, 4386.6
25, 4386.6
28, 4387.3
19, 4387.4
15, 4387.7
7, 4387.8
9, 4388.4
10, 4388.6
17, 4388.9
24, 4389.1
18, 4389.2
2, 4389.4
25, 4389.9
20, 4390
29, 4390
3, 4390.1
28, 4390.7
8, 4392.2
18, 4392.7
23, 4393.1
30, 4393.1
0, 4393.3
10, 4393.3
25, 4393.8
24, 4394.5
12, 4394.7
13, 4395
28, 4395.3
2, 4395.8
11, 4396.4
3, 4397
18, 4397.7
19, 4399.6
25, 4399.8
10, 4400.9
7, 4402
28, 4403
15, 4404.1
18, 4406.4
24, 4406.8
8, 4411.6
25, 4414.9
25, 4439.5
10, 4439.6
18, 4439.8
28, 4439.8
24, 4439.9
2, 4440.1
8, 4441.6
30, 4441.8
23, 4441.9
12, 4442.5
13, 4442.6
11, 4442.9
15, 4443.8
7, 4443.9
18, 4444.3
17, 4444.8
9, 4444.9
25, 4445
3, 4445.3
10, 4445.3
28, 4446.4
24, 4446.5
20, 4446.7
19, 4447.7
2, 4448.1
18, 4451.2
29, 4451.3
25, 4457.3
10, 4458.7
18, 4462
28, 4462.3
25, 4462.7
24, 4463
2, 4463.3
3, 4463.6
10, 4463.7
8, 4464.5
30, 4464.8
23, 4464.9
0, 4465.3
12, 4465.5
18, 4465.5
13, 4465.7
11, 4465.9
28, 4466.5
7, 4466.6
19, 4466.6
25, 4466.7
15, 4466.8
9, 4467.7
17, 4467.7
24, 4468.2
10, 4468.4
18, 4468.7
2, 4468.8
20, 4468.8
3, 4469.3
25, 4469.7
28, 4469.8
29, 4469.9
8, 4471.3
18, 4472
30, 4472
23, 4472.1
0, 4472.5
10, 4473.1
24, 4473.3
12, 4473.6
25, 4473.7
13, 4474.1
28, 4474.1
2, 4475.1
11, 4475.4
19, 4476
3, 4476.1
18, 4476.7
7, 4477.8
15, 4479.7
25, 4479.9
10, 4480.3
28, 4481.2
24, 4483.6
18, 4484.5
8, 4485.8
17, 4489.8
30, 4497.2
25, 4498.2
10, 4512.4
25, 4512.4
18, 4512.6
28, 4512.6
24, 4512.8
2, 4512.9
8, 4514.5
30, 4514.7
23, 4514.8
12, 4515.4
13, 4515.4
11, 4515.7
15, 4516.6
7, 4516.7
18, 4516.9
17, 4517.6
3, 4517.7
9, 4517.7
25, 4517.8
10, 4518
19, 4519.1
28, 4519.1
20, 4519.4
24, 4519.4
2, 4520.7
29, 4522.6
18, 4524
25, 4529.4
10, 4530.7
18, 4541.7
25, 4542.2
28, 4542.2
10, 4542.6
24, 4542.8
2, 4543
3, 4543.5
8, 4544.5
30, 4544.7
23, 4544.9
18, 4545.2
0, 4545.3
12, 4545.4
13, 4545.5
11, 4545.8
25, 4546
28, 4546.2
7, 4546.5
19, 4546.5
15, 4546.6
10, 4547.2
9, 4547.3
17, 4547.3
24, 4547.6
2, 4548
20, 4548.2
18, 4548.3
29, 4548.9
3, 4549.3
25, 4549.3
28, 4549.8
8, 4551.1
10, 4551.7
18, 4551.7
30, 4552.1
23, 4552.4
0, 4552.6
24, 4553
25, 4553.4
2, 4554.5
28, 4554.5
12, 4554.7
13, 4554.8
3, 4556.1
18, 4556.8
11, 4556.9
19, 4557.5
10, 4559.6
25, 4559.9
7, 4562.4
28, 4562.5
24, 4565.3
18, 4565.7
15, 4566.6
25, 4589.9
10, 4590.9
18, 4590.9
28, 4591.1
24, 4591.3
2, 4591.4
8, 4593
30, 4593.1
23, 4593.3
12, 4593.9
13, 4593.9
11, 4594.2
25, 4594.7
15, 4595.2
7, 4595.3
18, 4595.4
17, 4596.1
3, 4596.2
9, 4596.2
19, 4596.3
10, 4596.5
28, 4597.6
20, 4597.9
24, 4597.9
2, 4599.2
29, 4599.9
18, 4602
25, 4602.4
28, 4604.3
3, 4604.8
0, 4605
10, 4609.4
18, 4610.5
25, 4610.8
28, 4616.5
18, 4621.8
25, 4622.1
10, 4622.5
28, 4622.6
24, 4622.8
2, 4622.9
3, 4623
8, 4624.5
30, 4624.7
23, 4624.8
0, 4624.9
12, 4625.4
18, 4625.4
13, 4625.5
11, 4625.7
25, 4625.9
19, 4626.5
15, 4626.6
7, 4626.7
28, 4626.8
10, 4627.3
9, 4627.4
17, 4627.4
24, 4627.9
2, 4628.2
18, 4628.4
20, 4628.4
29, 4628.9
3, 4629
25, 4629.2
28, 4630.4
8, 4631.2
10, 4631.9
18, 4631.9
30, 4632
23, 4632.1
0, 4632.5
24, 4633.1
25, 4633.1
12, 4634
13, 4634.4
2, 4634.6
3, 4635.1
28, 4635.2
11, 4636.2
18, 4636.7
19, 4637.8
25, 4639.1
10, 4639.8
7, 4641.1
28, 4643.5
15, 4644.2
24, 4644.9
18, 4645.2
3, 4650.6
25, 4653.3
18, 4671.8
10, 4671.9
25, 4671.9
28, 4672.2
24, 4672.3
2, 4672.4
8, 4674
30, 4674.2
23, 4674.3
12, 4674.9
13, 4674.9
11, 4675.2
15, 4676.2
7, 4676.3
18, 4676.3
19, 4676.9
9, 4677.2
17, 4677.2
3, 4677.3
25, 4677.4
10, 4677.5
28, 4678.6
20, 4678.9
24, 4678.9
2, 4680.2
29, 4680.6
18, 4681.6
25, 4682.8
0, 4683.3
3, 4684.3
28, 4684.6
18, 4690.2
10, 4690.6
25, 4692.7
28, 4701.1
25, 4715.4
10, 4715.5
18, 4715.5
28, 4715.7
24, 4715.8
2, 4715.9
8, 4717.4
30, 4717.7
23, 4717.9
12, 4718.5
13, 4718.5
11, 4718.8
7, 4719.8
15, 4719.8
18, 4720
3, 4720.7
9, 4720.7
25, 4720.7
17, 4720.9
10, 4721.2
19, 4721.3
28, 4722.3
24, 4722.4
20, 4722.7
2, 4723.7
29, 4725.1
18, 4727.6
25, 4732.3
10, 4735.6
25, 4769.3
10, 4769.4
18, 4769.6
24, 4769.7
28, 4769.7
2, 4769.9
8, 4771.5
30, 4771.7
23, 4771.8
12, 4772.4
13, 4772.5
11, 4772.8
15, 4773.8
7, 4773.9
9, 4774.7
25, 4774.8
17, 4775
10, 4775.2
3, 4775.6
24, 4776.4
28, 4776.5
18, 4776.6
20, 4776.9
2, 4777.9
25, 4787.5
10, 4791.3
18, 5007.2
28, 5007.7
25, 5007.8
2, 5008.5
24, 5008.7
3, 5008.8
10, 5010.1
0, 5010.5
1, 5010.5
30, 5010.5
23, 5010.6
18, 5010.8
12, 5011.2
13, 5011.3
11, 5011.6
28, 5012.1
19, 5012.3
15, 5012.7
25, 5012.7
7, 5012.8
9, 5013.4
17, 5013.9
18, 5014
2, 5014.4
3, 5014.7
24, 5014.9
20, 5015
29, 5015.3
28, 5015.4
25, 5016.3
10, 5017.3
18, 5017.5
0, 5017.9
1, 5018.1
23, 5018.1
30, 5018.1
12, 5019.7
13, 5020
28, 5020
2, 5020.8
11, 5021.4
24, 5021.6
25, 5021.6
3, 5021.8
18, 5022.6
19, 5024.3
7, 5027.4
28, 5027.7
15, 5029.2
10, 5031.7
25, 5032.1
18, 5032.5
18, 5064.3
28, 5064.9
2, 5065.1
10, 5066.4
25, 5066.4
30, 5066.8
23, 5066.9
12, 5067.4
13, 5067.6
24, 5067.6
11, 5067.8
18, 5068.1
3, 5068.4
15, 5068.9
7, 5069
19, 5069.2
28, 5069.5
9, 5069.9
17, 5070
0, 5071.1
20, 5071.4
25, 5072.2
2, 5073.1
29, 5073.2
18, 5073.3
28, 5076.3
3, 5077.5
18, 5083.7
25, 5087
28, 5087.5
18, 5087.7
2, 5088.3
24, 5088.4
3, 5088.7
10, 5089.2
30, 5089.8
0, 5089.9
23, 5089.9
1, 5090.2
12, 5090.4
13, 5090.7
11, 5090.9
25, 5091.2
18, 5091.3
19, 5091.7
28, 5091.7
7, 5091.9
15, 5091.9
9, 5092.7
17, 5092.8
20, 5093.7
2, 5093.8
24, 5094.1
18, 5094.4
29, 5094.7
3, 5094.8
25, 5095
28, 5095.2
10, 5096.1
30, 5097
23, 5097.1
1, 5097.5
0, 5097.7
18, 5097.8
12, 5098.5
13, 5099.1
25, 5099.5
28, 5099.6
2, 5100.1
11, 5100.1
24, 5100.7
3, 5101.2
19, 5101.8
18, 5102.9
7, 5104.3
15, 5105.3
28, 5106.7
25, 5107
10, 5108.4
18, 5112.7
30, 5114
18, 5137.2
28, 5137.7
2, 5137.9
25, 5139
10, 5139.3
30, 5139.6
23, 5139.7
3, 5140.2
12, 5140.3
24, 5140.4
13, 5140.5
11, 5140.7
18, 5140.8
15, 5141.8
7, 5141.9
28, 5141.9
19, 5142.4
0, 5142.5
9, 5142.7
17, 5142.8
20, 5144
25, 5145
2, 5145.7
18, 5145.8
29, 5146.2
28, 5148.7
3, 5149.1
18, 5155.8
18, 5166.8
25, 5166.8
28, 5167.1
2, 5168
3, 5168.3
24, 5168.3
10, 5169.3
30, 5169.7
23, 5169.8
0, 5169.9
1, 5170.2
12, 5170.4
18, 5170.4
13, 5170.6
11, 5170.7
25, 5171.1
28, 5171.2
19, 5171.6
7, 5171.7
15, 5171.7
9, 5172.3
17, 5172.4
2, 5173
20, 5173.1
18, 5173.2
3, 5173.7
24, 5173.9
29, 5173.9
28, 5174.6
25, 5174.7
10, 5176.2
18, 5176.8
0, 5177
23, 5177.1
30, 5177.1
1, 5177.6
12, 5179.4
28, 5179.4
2, 5179.6
25, 5179.6
13, 5180.2
24, 5180.5
3, 5180.7
11, 5181.4
18, 5182.1
19, 5184.2
28, 5187.8
25, 5188.4
7, 5190.4
18, 5192.8
10, 5195.6
18, 5215.6
28, 5216
2, 5216.4
25, 5216.9
3, 5217.7
10, 5217.8
30, 5218.1
23, 5218.2
12, 5218.9
13, 5219
24, 5219
18, 5219.1
11, 5219.2
0, 5219.7
15, 5220.3
28, 5220.3
7, 5220.4
19, 5220.6
9, 5221.2
17, 5221.4
20, 5222.6
25, 5223.1
2, 5224.2
18, 5224.5
29, 5224.5
3, 5226.5
28, 5227.5
24, 5229.6
1, 5229.9
25, 5230.3
18, 5235.8
18, 5246.8
28, 5247.1
25, 5247.2
2, 5248
24, 5248.1
3, 5248.2
10, 5249.3
30, 5249.7
23, 5249.8
0, 5249.9
1, 5249.9
18, 5250.3
12, 5250.4
13, 5250.5
11, 5250.7
28, 5251.4
7, 5251.6
19, 5251.6
25, 5251.6
15, 5251.7
9, 5252.4
17, 5252.6
18, 5253.1
2, 5253.2
20, 5253.3
3, 5253.7
29, 5253.8
24, 5253.9
28, 5254.6
25, 5255.2
10, 5256.3
18, 5256.6
0, 5257
30, 5257
23, 5257.1
1, 5257.5
12, 5259
28, 5259.3
13, 5259.4
2, 5259.6
24, 5260.2
25, 5260.2
3, 5260.7
11, 5260.7
18, 5261.7
19, 5265.3
7, 5266.4
28, 5267.4
25, 5269.5
15, 5270
18, 5271.5
10, 5275.3
18, 5296.3
28, 5296.9
2, 5297.4
25, 5297.7
3, 5298.4
10, 5298.9
30, 5299.1
23, 5299.2
12, 5299.9
18, 5299.9
13, 5300
24, 5300
11, 5300.2
0, 5300.3
19, 5301.1
28, 5301.2
15, 5301.4
7, 5301.5
9, 5302.2
17, 5302.5
20, 5303.6
25, 5303.9
29, 5305
2, 5305.2
18, 5305.3
3, 5307.1
1, 5308.1
24, 5308.3
28, 5308.5
25, 5311.4
18, 5316.6
18, 5340
28, 5340.6
2, 5341
25, 5341.6
10, 5342.4
3, 5342.5
30, 5342.7
23, 5342.8
12, 5343.5
24, 5343.5
13, 5343.6
18, 5343.6
11, 5343.8
0, 5344.7
19, 5344.7
15, 5344.9
28, 5344.9
7, 5345
9, 5345.7
17, 5346.1
20, 5347.4
25, 5347.8
29, 5348.7
2, 5349
18, 5349
3, 5351.3
28, 5352.1
18, 5360.4
18, 5394.2
28, 5394.7
2, 5394.9
25, 5396.3
10, 5396.4
30, 5396.7
23, 5396.8
12, 5397.4
13, 5397.5
24, 5397.7
11, 5397.8
18, 5398.6
7, 5398.9
15, 5398.9
19, 5399.3
9, 5399.7
17, 5400.2
3, 5400.6
28, 5401.5
20, 5401.7
2, 5402.9
29, 5403.4
18, 5406.4
18, 5632.2
28, 5632.2
25, 5632.4
0, 5633.1
2, 5633.5
24, 5633.6
3, 5633.8
9, 5634.2
10, 5635.2
1, 5635.4
30, 5635.5
28, 5635.6
18, 5635.8
25, 5636.1
12, 5636.2
13, 5636.3
11, 5636.6
19, 5637.3
15, 5637.7
7, 5637.8
0, 5638.8
17, 5638.9
18, 5639
26, 5639
28, 5639
2, 5639.4
25, 5639.4
24, 5639.6
3, 5639.8
20, 5640
29, 5640.3
9, 5640.7
28, 5641.9
10, 5642.4
18, 5642.5
1, 5642.8
25, 5642.9
30, 5643.1
0, 5643.5
12, 5644.7
13, 5645
2, 5645.8
28, 5646
11, 5646.4
24, 5646.5
3, 5646.9
18, 5647.6
25, 5648
19, 5649.3
9, 5649.5
0, 5651.8
28, 5652.2
7, 5652.8
15, 5655.7
30, 5656
18, 5656.9
26, 5657.2
25, 5657.6
10, 5657.8
28, 5669.4
18, 5688.9
28, 5689.3
2, 5690.1
25, 5690.1
3, 5690.6
10, 5691.5
30, 5691.5
0, 5692.1
24, 5692.3
12, 5692.4
13, 5692.4
18, 5692.4
11, 5692.8
28, 5693.6
15, 5693.7
19, 5693.7
7, 5693.8
9, 5694.4
25, 5694.6
17, 5695
1, 5695.9
20, 5696.4
18, 5697.8
29, 5697.8
2, 5698.1
3, 5699.3
24, 5700.3
28, 5700.7
25, 5702.2
18, 5709.3
28, 5712
25, 5712.3
18, 5712.7
0, 5712.8
2, 5713.3
3, 5713.5
24, 5713.5
9, 5714
10, 5714.3
30, 5714.4
1, 5714.8
28, 5715.2
12, 5715.4
13, 5715.4
25, 5715.7
11, 5715.9
18, 5716.5
19, 5716.7
7, 5716.8
15, 5716.8
17, 5717.8
26, 5717.9
0, 5718.2
28, 5718.4
20, 5718.7
2, 5718.8
25, 5719
29, 5719.3
3, 5719.4
18, 5719.4
24, 5719.5
9, 5719.9
10, 5721.2
28, 5721.2
30, 5721.5
25, 5722.4
1, 5722.6
0, 5722.7
18, 5723
13, 5723.4
12, 5723.5
2, 5725.1
11, 5725.1
28, 5725.1
24, 5725.8
3, 5726
25, 5727
19, 5727.7
7, 5728.5
18, 5728.5
9, 5728.6
15, 5729.6
0, 5730.3
28, 5730.9
30, 5733.6
10, 5733.8
26, 5734.6
25, 5735.3
18, 5739.7
28, 5744.3
18, 5761.8
28, 5762.3
2, 5762.9
25, 5763
3, 5763.7
10, 5764.3
30, 5764.4
24, 5764.5
0, 5765.3
12, 5765.3
13, 5765.3
18, 5765.3
11, 5765.7
19, 5766.4
28, 5766.6
7, 5766.7
15, 5766.7
9, 5767.1
1, 5767.4
25, 5767.5
17, 5767.9
20, 5769.2
29, 5770.4
2, 5770.7
18, 5770.7
3, 5772.2
24, 5772.7
28, 5773.6
25, 5775.3
18, 5781.9
28, 5791.7
18, 5791.8
25, 5792
0, 5792.7
2, 5793
24, 5793.1
3, 5793.2
9, 5793.8
10, 5794.4
30, 5794.5
1, 5794.7
28, 5794.9
12, 5795.4
13, 5795.4
18, 5795.4
25, 5795.5
11, 5795.7
19, 5796.5
7, 5796.6
15, 5796.6
17, 5797.4
0, 5797.9
28, 5797.9
2, 5798
26, 5798
20, 5798.1
18, 5798.2
24, 5798.4
3, 5798.5
25, 5798.6
29, 5798.7
9, 5799.8
28, 5800.8
10, 5801.2
30, 5801.6
1, 5801.8
18, 5801.9
25, 5802
0, 5802.5
12, 5804.4
13, 5804.4
2, 5804.6
28, 5804.9
24, 5805.1
3, 5805.4
11, 5806.4
25, 5807.1
18, 5807.4
9, 5808.7
19, 5810.2
0, 5810.5
28, 5811.1
7, 5812.4
26, 5813.5
25, 5816.6
30, 5816.6
15, 5817.2
18, 5818.5
10, 5821.7
28, 5827.3
18, 5840.2
28, 5840.7
25, 5841.2
2, 5841.4
3, 5842
24, 5842.3
10, 5842.9
30, 5842.9
0, 5843.5
13, 5843.8
18, 5843.8
12, 5843.9
11, 5844.2
1, 5844.6
19, 5845
28, 5845
7, 5845.2
15, 5845.3
9, 5845.6
25, 5845.8
17, 5846.4
20, 5847.7
29, 5849
2, 5849.2
18, 5849.2
24, 5850.5
3, 5850.6
28, 5851.5
25, 5852.4
0, 5853.1
9, 5855.9
26, 5857.7
28, 5857.8
18, 5860.5
25, 5861.1
0, 5864.2
28, 5871.5
18, 5871.7
25, 5872
0, 5873
2, 5873
24, 5873.1
3, 5873.2
9, 5873.7
30, 5874.3
10, 5874.4
28, 5874.6
1, 5874.7
18, 5875.3
12, 5875.4
13, 5875.4
25, 5875.6
11, 5875.7
19, 5876.5
7, 5876.7
15, 5876.7
26, 5877.5
17, 5877.6
28, 5877.7
0, 5878
18, 5878.1
20, 5878.1
2, 5878.2
3, 5878.5
24, 5878.5
25, 5878.6
29, 5878.9
9, 5879.9
28, 5880.5
10, 5881.3
30, 5881.3
18, 5881.7
1, 5881.8
25, 5882.1
0, 5882.5
12, 5884
13, 5884.1
28, 5884.3
2, 5884.6
24, 5885.2
3, 5885.5
11, 5885.7
18, 5887
25, 5887.2
9, 5888.3
19, 5888.8
28, 5890
26, 5890.2
0, 5890.4
7, 5891.4
15, 5894.6
30, 5896.3
25, 5896.6
18, 5897.1
10, 5901
28, 5902
18, 5921.1
28, 5921.5
25, 5921.9
2, 5922.4
3, 5922.7
24, 5923.1
10, 5923.9
0, 5924
30, 5924
18, 5924.7
12, 5924.9
13, 5924.9
1, 5925.2
11, 5925.2
28, 5925.7
19, 5926
7, 5926.3
15, 5926.3
9, 5926.5
25, 5926.5
17, 5927.5
20, 5928.8
29, 5930
18, 5930.1
2, 5930.2
28, 5930.7
3, 5931.3
24, 5931.4
0, 5931.6
25, 5931.8
9, 5935.4
26, 5936
28, 5936.9
25, 5940.5
18, 5941.4
0, 5942.1
28, 5953.7
18, 5964.7
28, 5965.1
25, 5965.6
2, 5966
3, 5966.2
24, 5967.1
10, 5967.5
0, 5967.6
30, 5967.6
18, 5968.2
13, 5968.4
12, 5968.5
11, 5968.8
28, 5969.4
1, 5969.5
19, 5969.6
7, 5969.9
15, 5969.9
9, 5970
25, 5970.2
17, 5971
20, 5972.4
18, 5973.6
29, 5973.6
2, 5974
3, 5974.7
24, 5975.6
28, 5976.5
25, 5978.3
18, 5985
18, 6018.8
28, 6019.2
2, 6019.9
25, 6020
3, 6020.6
10, 6021.4
30, 6021.6
0, 6022.3
18, 6022.3
12, 6022.4
13, 6022.4
24, 6022.5
11, 6022.8
28, 6023.5
19, 6023.6
7, 6023.9
15, 6023.9
9, 6024.3
17, 6025.1
25, 6026.2
20, 6026.7
18, 6027.7
29, 6027.8
2, 6027.9
3, 6029.4
28, 6030.7
18, 6039.3
18, 6257.2
28, 6257.2
25, 6257.3
3, 6257.8
0, 6258.1
2, 6258.5
24, 6258.6
9, 6259.1
10, 6260.2
1, 6260.3
28, 6260.4
15, 6260.5
18, 6260.8
25, 6261.1
12, 6261.2
13, 6261.3
11, 6261.6
23, 6261.7
27, 6261.7
19, 6262.3
3, 6262.7
5, 6263.2
0, 6263.6
26, 6263.6
28, 6263.7
17, 6263.9
18, 6264
25, 6264.3
2, 6264.4
24, 6264.6
20, 6265
9, 6265.3
29, 6265.3
3, 6266.3
28, 6266.7
10, 6267.4
18, 6267.5
25, 6267.7
1, 6267.8
15, 6267.8
0, 6268.4
12, 6269.7
13, 6270
27, 6270.2
23, 6270.3
2, 6270.8
28, 6270.8
11, 6271.4
24, 6271.4
3, 6271.6
18, 6272.6
25, 6272.8
19, 6273.8
9, 6274.2
0, 6277.3
28, 6277.3
5, 6279.3
18, 6282
3, 6282.2
25, 6282.4
15, 6284.4
28, 6292.8
18, 6313.8
28, 6314.2
25, 6314.4
2, 6315.1
3, 6315.2
24, 6315.4
0, 6316.6
10, 6316.6
1, 6317.2
13, 6317.2
18, 6317.3
12, 6317.4
11, 6317.8
28, 6317.8
9, 6318.1
25, 6318.3
19, 6318.6
17, 6320
20, 6321.1
28, 6322.1
0, 6322.3
29, 6322.4
18, 6322.7
2, 6323
3, 6323.3
25, 6323.5
26, 6323.6
24, 6323.7
28, 6329.1
9, 6329.9
25, 6333.9
18, 6334.2
0, 6336.9
28, 6337.2
3, 6337.6
18, 6337.7
25, 6337.8
2, 6338.2
24, 6338.4
9, 6339.3
10, 6339.5
1, 6339.8
15, 6340
28, 6340.2
13, 6340.3
12, 6340.5
11, 6340.7
27, 6340.9
23, 6341
18, 6341.5
25, 6341.5
19, 6341.6
0, 6341.9
3, 6342.2
5, 6342.4
26, 6342.4
17, 6342.6
20, 6343
28, 6343.4
2, 6343.7
24, 6344.2
29, 6344.2
18, 6344.3
25, 6344.5
9, 6345.5
3, 6345.8
0, 6346.2
28, 6346.3
10, 6346.4
15, 6346.7
1, 6347.1
18, 6348
25, 6348.1
13, 6348.2
12, 6348.5
27, 6348.8
23, 6349.2
11, 6349.6
2, 6349.9
28, 6350.2
24, 6350.6
3, 6351.1
19, 6352
0, 6352.4
25, 6353.1
26, 6353.4
18, 6353.6
9, 6353.9
28, 6356.1
5, 6358.4
15, 6361.5
3, 6362.1
10, 6362.8
25, 6363
18, 6365
28, 6369.3
18, 6386.6
28, 6387
25, 6387.3
2, 6387.9
3, 6387.9
24, 6388.4
0, 6388.8
10, 6389.4
9, 6390.1
13, 6390.1
18, 6390.2
28, 6390.2
12, 6390.3
1, 6390.5
11, 6390.7
25, 6390.9
19, 6391.4
17, 6392.9
20, 6394
28, 6394.5
0, 6394.6
26, 6395.1
29, 6395.3
18, 6395.6
2, 6395.7
3, 6395.7
25, 6395.9
24, 6396.5
9, 6401.2
28, 6401.5
25, 6405.9
18, 6406.9
0, 6411.9
28, 6416.6
18, 6416.8
25, 6417
3, 6417.4
2, 6418
0, 6418.1
24, 6418.1
9, 6418.7
10, 6419.5
1, 6419.7
28, 6419.8
15, 6420.1
13, 6420.2
12, 6420.4
18, 6420.4
25, 6420.5
11, 6420.7
27, 6420.9
23, 6421
19, 6421.4
3, 6421.8
26, 6422.3
17, 6422.4
5, 6422.5
28, 6422.5
0, 6422.8
2, 6423
20, 6423
18, 6423.2
24, 6423.3
25, 6423.3
29, 6423.6
9, 6424.3
3, 6425.6
28, 6425.6
10, 6426.4
1, 6426.8
18, 6426.9
25, 6426.9
15, 6427.1
0, 6427.7
13, 6428.7
27, 6428.9
23, 6429.1
12, 6429.4
2, 6429.5
28, 6429.6
24, 6430
3, 6430.9
11, 6431.4
25, 6432.2
18, 6432.5
9, 6433.3
19, 6434.6
28, 6436.1
5, 6436.6
0, 6437.1
3, 6442
26, 6442.1
15, 6442.4
25, 6442.5
18, 6444.1
28, 6455
18, 6465.1
28, 6465.5
25, 6465.7
2, 6466.4
3, 6466.5
0, 6466.8
24, 6466.8
9, 6467.8
10, 6467.9
1, 6468.7
13, 6468.7
18, 6468.7
28, 6468.7
12, 6468.9
11, 6469.2
25, 6469.4
19, 6469.9
17, 6471.5
26, 6472.3
20, 6472.7
0, 6472.8
28, 6473.2
29, 6473.8
18, 6474.1
2, 6474.2
3, 6474.4
25, 6474.9
24, 6475
9, 6478.8
15, 6479.8
27, 6480.6
23, 6480.7
3, 6480.8
28, 6480.8
5, 6482.1
18, 6485.4
25, 6486.6
28, 6496.6
18, 6496.7
0, 6496.8
25, 6496.9
3, 6497
2, 6497.9
24, 6498.1
9, 6498.6
10, 6499.4
15, 6499.5
1, 6499.8
28, 6499.8
13, 6500.2
18, 6500.3
12, 6500.4
25, 6500.5
27, 6500.6
11, 6500.7
23, 6500.8
3, 6501.4
19, 6501.4
0, 6501.9
5, 6502.1
26, 6502.4
17, 6502.6
28, 6502.7
18, 6503.1
2, 6503.2
20, 6503.2
25, 6503.3
24, 6503.4
29, 6503.9
9, 6504.3
3, 6505.2
28, 6505.8
0, 6506.3
10, 6506.4
18, 6506.7
25, 6506.9
1, 6507
15, 6507
13, 6508.5
27, 6508.7
12, 6509
23, 6509
2, 6509.6
28, 6509.8
3, 6510.2
24, 6510.2
11, 6510.7
25, 6511.9
18, 6512
9, 6513.1
19, 6513.2
5, 6513.5
0, 6513.9
28, 6516.3
3, 6519.3
15, 6520.3
25, 6521.5
18, 6522.2
28, 6535.7
18, 6546.1
28, 6546.4
25, 6546.5
2, 6547.4
0, 6547.5
3, 6547.5
24, 6547.5
9, 6548.6
10, 6548.9
1, 6549.2
28, 6549.6
13, 6549.7
18, 6549.7
12, 6549.9
25, 6550.1
11, 6550.2
19, 6550.9
17, 6552.5
26, 6553
0, 6553.4
20, 6553.8
28, 6554.1
3, 6554.9
29, 6554.9
18, 6555.1
2, 6555.2
25, 6555.5
24, 6555.6
15, 6558.1
27, 6558.9
23, 6559
9, 6559.7
5, 6560.4
28, 6561.8
3, 6562.3
18, 6566.4
25, 6566.8
0, 6574.3
18, 6589.6
28, 6590
25, 6590.2
2, 6591
3, 6591
24, 6591.1
0, 6591.5
10, 6592.5
9, 6592.6
1, 6592.8
18, 6593.2
28, 6593.2
13, 6593.3
12, 6593.5
11, 6593.8
25, 6593.9
19, 6594.5
17, 6596.1
20, 6597.4
26, 6597.4
0, 6597.5
28, 6597.7
18, 6598.6
29, 6598.6
3, 6598.9
2, 6599
25, 6599.2
24, 6599.4
9, 6603.9
28, 6605.3
18, 6610
25, 6610.6
18, 6643.6
28, 6644
25, 6644.3
2, 6644.9
3, 6645.1
24, 6645.4
10, 6646.5
0, 6646.6
1, 6647.3
18, 6647.3
12, 6647.4
13, 6647.4
11, 6647.8
28, 6648.3
19, 6648.6
25, 6648.9
9, 6649.1
17, 6650.1
20, 6651.5
18, 6652.8
29, 6652.8
2, 6652.9
3, 6653.4
24, 6653.9
28, 6655.4
25, 6657.1
18, 6664.9
18, 6882.2
25, 6882.3
0, 6882.6
28, 6882.6
1, 6883.3
3, 6883.4
2, 6883.5
24, 6883.6
9, 6884.1
10, 6885.2
16, 6885.2
15, 6885.4
18, 6885.8
25, 6886.1
12, 6886.2
13, 6886.2
23, 6886.5
27, 6886.5
28, 6887
0, 6887.3
19, 6887.3
5, 6887.9
26, 6888.6
17, 6888.9
3, 6889
18, 6889
1, 6889.2
25, 6889.3
2, 6889.4
24, 6889.6
28, 6890.2
9, 6890.3
29, 6890.3
0, 6890.7
15, 6892.3
10, 6892.4
16, 6892.4
18, 6892.5
25, 6892.7
3, 6894.3
1, 6894.5
28, 6894.6
12, 6894.7
13, 6895
27, 6895.1
23, 6895.3
0, 6895.5
2, 6895.8
24, 6896.4
18, 6897.6
25, 6897.8
19, 6898.8
9, 6899.1
28, 6901.6
3, 6904.3
0, 6904.5
1, 6905.6
18, 6906.4
16, 6907
25, 6907.3
2, 6913.6
18, 6938.8
25, 6939
28, 6939.3
0, 6939.8
2, 6940
24, 6940.2
9, 6940.8
10, 6941.5
1, 6941.6
3, 6941.8
12, 6942.3
18, 6942.3
13, 6942.6
25, 6942.7
19, 6943.5
28, 6943.6
17, 6944.8
26, 6944.8
0, 6945.7
15, 6945.9
23, 6946.4
27, 6946.8
29, 6947.4
2, 6947.6
18, 6947.7
3, 6948
25, 6948.2
5, 6948.3
24, 6948.5
28, 6950.4
9, 6951.4
18, 6959
25, 6960.1
0, 6961.7
28, 6962.4
18, 6962.7
3, 6962.8
1, 6963
2, 6963.2
25, 6963.2
24, 6963.4
9, 6963.9
10, 6964.4
15, 6964.6
16, 6964.8
23, 6965.3
12, 6965.4
13, 6965.6
0, 6965.7
27, 6965.7
18, 6966.5
19, 6966.5
28, 6966.5
25, 6967.1
5, 6967.2
26, 6967.4
17, 6967.5
3, 6968.3
1, 6968.4
2, 6968.7
24, 6968.9
29, 6969.2
0, 6969.3
18, 6969.3
28, 6969.7
9, 6970
25, 6970
10, 6971.3
16, 6971.5
15, 6972.2
3, 6972.9
18, 6973
12, 6973.3
23, 6973.3
0, 6973.6
1, 6973.7
13, 6973.8
25, 6973.9
27, 6973.9
28, 6973.9
2, 6974.8
24, 6975.2
19, 6976.8
5, 6978.3
9, 6978.3
18, 6978.5
25, 6979.7
26, 6979.7
28, 6980.4
0, 6980.7
3, 6981.1
1, 6984.6
15, 6984.6
17, 6985.6
16, 6986.9
23, 6987
10, 6988.4
18, 6988.5
2, 6988.6
25, 6993.9
28, 7001
18, 7011.6
25, 7012
28, 7012.4
0, 7012.9
2, 7012.9
24, 7013
9, 7013.9
3, 7014.2
1, 7014.3
10, 7014.4
12, 7015.2
18, 7015.2
13, 7015.4
25, 7015.5
19, 7016.3
28, 7016.7
15, 7017.3
17, 7017.6
23, 7017.8
26, 7018.2
27, 7018.2
0, 7018.8
5, 7019.7
29, 7020.3
2, 7020.5
18, 7020.5
3, 7020.7
25, 7020.9
24, 7021.2
28, 7023.5
9, 7024.4
18, 7031.3
25, 7032.1
0, 7035.9
18, 7041.8
25, 7042
28, 7042
0, 7042.5
3, 7042.8
1, 7042.9
2, 7042.9
24, 7043.1
9, 7043.6
10, 7044.5
15, 7044.7
16, 7044.8
12, 7045.3
23, 7045.3
18, 7045.4
13, 7045.5
25, 7045.6
27, 7045.6
28, 7046.1
19, 7046.3
0, 7046.8
5, 7047
17, 7047.3
26, 7047.3
3, 7047.8
2, 7047.9
1, 7048.1
18, 7048.2
24, 7048.2
25, 7048.4
29, 7048.6
9, 7049.1
28, 7049.2
0, 7050.4
10, 7051.4
15, 7051.4
16, 7051.7
18, 7051.9
25, 7052.1
3, 7053
23, 7053.1
1, 7053.3
27, 7053.7
28, 7053.7
2, 7054.3
12, 7054.3
13, 7054.8
24, 7055.1
0, 7055.6
18, 7057.5
25, 7057.6
9, 7057.8
19, 7059.4
28, 7061.1
3, 7062.9
1, 7064
16, 7065
0, 7066.4
18, 7068.4
25, 7069
2, 7073
15, 7073.4
23, 7076
18, 7090.1
25, 7090.4
28, 7090.7
0, 7091.2
2, 7091.4
24, 7091.5
3, 7092
9, 7092.3
1, 7092.9
10, 7092.9
18, 7093.7
12, 7093.8
13, 7093.9
25, 7094.1
15, 7094.6
19, 7094.8
28, 7094.9
23, 7095.1
27, 7095.4
17, 7096.2
26, 7096.4
0, 7097
5, 7097
3, 7098.5
29, 7098.8
2, 7099
18, 7099
25, 7099.4
24, 7099.7
28, 7101.8
9, 7103
1, 7103.5
16, 7104.4
0, 7104.5
18, 7109.8
25, 7110.7
1, 7121
18, 7121.7
25, 7121.9
0, 7122
28, 7122
3, 7122.8
2, 7122.9
24, 7123.1
9, 7123.6
16, 7124.1
10, 7124.4
15, 7124.7
13, 7125.2
12, 7125.3
18, 7125.3
23, 7125.3
25, 7125.5
27, 7125.6
1, 7126
0, 7126.1
28, 7126.1
19, 7126.3
26, 7126.9
5, 7127
17, 7127.4
3, 7128
18, 7128.1
2, 7128.2
25, 7128.3
24, 7128.4
29, 7128.8
9, 7129.2
28, 7129.3
0, 7129.7
1, 7130.6
10, 7131.4
15, 7131.4
16, 7131.5
18, 7131.7
25, 7131.9
3, 7133.3
23, 7133.4
12, 7133.7
13, 7133.7
28, 7133.8
27, 7133.9
2, 7134.3
0, 7134.5
24, 7135.1
18, 7136.9
25, 7137.2
1, 7137.3
19, 7137.9
9, 7138.1
28, 7141.2
16, 7143.2
0, 7143.3
3, 7143.5
18, 7146.6
25, 7147.4
2, 7151.1
18, 7171.1
25, 7171.3
28, 7171.6
0, 7172
2, 7172.4
24, 7172.6
3, 7172.8
9, 7173
1, 7173.9
10, 7174
18, 7174.7
12, 7174.8
13, 7174.9
25, 7175
15, 7175.2
19, 7175.8
23, 7175.8
28, 7175.9
27, 7176.1
26, 7177.1
17, 7177.3
5, 7177.6
0, 7177.7
3, 7179.3
29, 7179.9
18, 7180
2, 7180.1
25, 7180.5
24, 7181
1, 7182.1
16, 7182.8
28, 7183
9, 7183.6
0, 7184.3
18, 7191.2
25, 7192.3
1, 7197.6
18, 7214.6
25, 7214.8
28, 7215.1
0, 7215.5
2, 7215.9
24, 7216.1
9, 7216.6
3, 7216.8
1, 7217.4
10, 7217.5
18, 7218.2
12, 7218.4
25, 7218.4
13, 7218.5
19, 7219.4
28, 7219.4
15, 7219.5
23, 7220.2
27, 7220.5
26, 7220.7
17, 7220.9
0, 7221.3
5, 7222
3, 7223.4
2, 7223.6
18, 7223.6
29, 7223.6
25, 7223.8
24, 7224.5
28, 7226.5
9, 7227.5
18, 7234.8
25, 7235.2
0, 7237.6
18, 7268.6
25, 7268.9
28, 7269.3
0, 7269.8
2, 7269.9
24, 7270.1
9, 7270.8
10, 7271.5
1, 7271.6
3, 7271.8
18, 7272.3
12, 7272.4
13, 7272.5
25, 7272.6
19, 7273.4
28, 7273.6
17, 7275
26, 7275.4
0, 7275.7
29, 7277.7
2, 7277.8
18, 7277.8
25, 7278.1
24, 7278.6
28, 7280.8
9, 7281.7
18, 7289.8
25, 7290.7
0, 7295.5
25, 7507.3
0, 7507.6
18, 7507.6
1, 7508.2
3, 7508.4
28, 7508.4
2, 7508.5
23, 7508.6
24, 7508.6
16, 7510.1
10, 7510.2
15, 7510.4
21, 7510.4
25, 7511.1
12, 7511.2
13, 7511.3
27, 7511.5
14, 7511.8
0, 7512.3
19, 7512.3
18, 7512.5
5, 7512.9
9, 7513.2
26, 7513.6
1, 7513.9
17, 7513.9
31, 7514
3, 7514.1
28, 7514.1
25, 7514.3
2, 7514.4
24, 7514.6
23, 7514.7
29, 7515.3
0, 7515.7
18, 7516.2
16, 7516.9
10, 7517.4
15, 7517.4
25, 7517.7
21, 7517.8
1, 7519.1
3, 7519.5
28, 7519.5
12, 7519.7
13, 7520
27, 7520.1
0, 7520.6
2, 7520.8
23, 7520.8
14, 7520.9
24, 7521.4
18, 7521.8
25, 7522.8
19, 7523.8
0, 7530.1
1, 7530.4
3, 7530.4
28, 7530.6
23, 7532.7
25, 7532.8
18, 7534.1
2, 7543.9
25, 7563.9
18, 7564.2
0, 7564.6
28, 7564.9
2, 7565
3, 7565.1
24, 7565.2
1, 7566.6
10, 7566.6
15, 7567.2
12, 7567.3
13, 7567.5
23, 7567.6
25, 7567.6
27, 7568.1
19, 7568.6
18, 7569.1
0, 7569.2
9, 7569.2
5, 7569.6
26, 7569.6
17, 7570.1
16, 7570.5
28, 7571.4
3, 7571.6
2, 7572.6
29, 7572.7
1, 7572.9
25, 7573.1
24, 7573.5
0, 7576.4
18, 7578.4
25, 7585.1
0, 7587.5
18, 7587.6
1, 7587.8
3, 7587.9
28, 7587.9
2, 7588.1
23, 7588.1
25, 7588.3
24, 7588.4
16, 7588.9
10, 7589.5
15, 7589.7
21, 7590
12, 7590.4
13, 7590.6
27, 7590.7
14, 7591.3
19, 7591.6
0, 7591.8
5, 7592.1
9, 7592.2
18, 7592.2
25, 7592.2
26, 7592.5
17, 7592.9
28, 7593.2
1, 7593.3
3, 7593.3
31, 7593.3
2, 7593.6
23, 7593.8
24, 7593.9
29, 7594.3
25, 7595.2
0, 7595.3
18, 7595.9
10, 7596.6
16, 7596.6
15, 7596.8
21, 7597
1, 7598.1
3, 7598.2
12, 7598.3
28, 7598.3
27, 7598.7
13, 7598.8
23, 7599.3
25, 7599.3
2, 7599.6
0, 7600
24, 7600.3
14, 7600.5
18, 7601.6
19, 7602.1
5, 7605
25, 7605.7
1, 7606.8
3, 7607.2
16, 7607.8
28, 7607.9
0, 7608.5
23, 7609.2
9, 7609.6
2, 7613.7
18, 7614.4
15, 7614.9
26, 7620.8
25, 7632.7
18, 7637.1
25, 7637.1
0, 7637.4
28, 7637.8
2, 7637.9
24, 7638
3, 7638.2
1, 7639
10, 7639.5
12, 7640.3
13, 7640.3
15, 7640.5
23, 7640.8
25, 7640.9
27, 7641.3
19, 7641.4
9, 7641.6
0, 7641.8
16, 7641.8
18, 7642
26, 7642.4
5, 7642.8
17, 7642.8
28, 7644.1
3, 7644.7
2, 7645.5
1, 7645.6
29, 7645.6
24, 7646.1
25, 7646.7
0, 7649.2
18, 7651.2
25, 7660.6
0, 7667.1
25, 7667.1
18, 7667.2
1, 7667.7
3, 7667.8
28, 7667.8
2, 7667.9
23, 7668.1
24, 7668.1
16, 7669
10, 7669.5
15, 7669.7
21, 7670
12, 7670.3
13, 7670.4
27, 7670.6
25, 7670.7
0, 7671.3
14, 7671.4
19, 7671.4
18, 7671.5
5, 7671.9
9, 7671.9
26, 7672.2
17, 7672.4
28, 7672.6
1, 7672.7
3, 7672.7
2, 7672.9
24, 7673.2
31, 7673.3
25, 7673.6
23, 7673.7
29, 7673.7
0, 7674.8
18, 7675.4
16, 7675.6
15, 7676.3
10, 7676.6
21, 7677.2
25, 7677.3
3, 7677.9
28, 7677.9
1, 7678
27, 7678.8
2, 7679.2
12, 7679.4
13, 7679.5
23, 7679.5
0, 7679.9
24, 7680.1
14, 7680.2
18, 7681.5
25, 7683.1
19, 7684.7
3, 7688.3
28, 7688.7
1, 7689.7
23, 7690.4
0, 7690.6
16, 7691
25, 7696.8
18, 7699.4
2, 7708.1
25, 7715.3
18, 7715.6
0, 7715.9
28, 7716.3
3, 7716.5
24, 7716.5
2, 7716.6
1, 7716.9
10, 7718
15, 7718.7
12, 7718.8
13, 7718.8
23, 7719
25, 7719
16, 7719.2
27, 7719.5
19, 7719.9
0, 7720.2
18, 7720.4
9, 7720.8
5, 7721
26, 7721.1
17, 7721.3
28, 7722.8
3, 7722.9
1, 7723.6
29, 7724.2
2, 7724.4
25, 7724.5
24, 7724.6
0, 7727.8
23, 7728.8
21, 7729.7
18, 7729.8
14, 7731
31, 7733
25, 7736.4
25, 7746.9
0, 7747.1
18, 7747.1
23, 7747.1
1, 7747.7
3, 7747.8
28, 7747.8
2, 7747.9
24, 7748
16, 7749.3
10, 7749.5
21, 7749.6
15, 7749.8
12, 7750.3
13, 7750.4
25, 7750.6
27, 7750.7
14, 7751.1
0, 7751.3
19, 7751.4
18, 7751.6
5, 7751.9
9, 7752.1
26, 7752.4
17, 7752.5
23, 7752.7
3, 7752.8
1, 7752.9
28, 7752.9
31, 7753
2, 7753.1
24, 7753.4
25, 7753.4
29, 7753.9
0, 7754.7
18, 7755.4
16, 7755.8
15, 7756.4
10, 7756.5
25, 7757
21, 7757.1
23, 7757.8
3, 7758.1
28, 7758.2
1, 7758.3
12, 7758.7
13, 7759.1
2, 7759.3
27, 7759.3
0, 7759.7
14, 7759.7
24, 7760.1
18, 7761.3
25, 7762.3
19, 7763.5
23, 7767
31, 7767.7
3, 7768.8
28, 7769.1
0, 7769.3
1, 7770
25, 7773.2
16, 7774.8
18, 7776.4
2, 7779.9
25, 7796.3
18, 7796.6
0, 7796.8
3, 7797.3
28, 7797.3
2, 7797.4
24, 7797.5
1, 7797.7
10, 7799
15, 7799.2
23, 7799.5
12, 7799.8
13, 7799.8
16, 7799.8
25, 7800
27, 7800.1
19, 7800.9
0, 7801.3
18, 7801.5
5, 7801.6
9, 7801.9
26, 7802.2
17, 7802.4
3, 7803.8
28, 7803.8
1, 7804.4
2, 7805
29, 7805.3
25, 7805.5
24, 7805.6
23, 7807.5
21, 7808
0, 7809.2
14, 7809.3
18, 7810.8
31, 7811.3
25, 7817.5
23, 7828.9
25, 7839.8
18, 7840.1
0, 7840.4
28, 7840.8
2, 7840.9
3, 7840.9
24, 7841.1
1, 7841.6
10, 7842.6
15, 7842.8
12, 7843.4
13, 7843.4
23, 7843.4
25, 7843.5
27, 7843.8
16, 7844.2
19, 7844.5
0, 7844.8
18, 7845
5, 7845.2
9, 7845.5
26, 7845.8
17, 7846
28, 7847.4
3, 7847.5
1, 7848.3
2, 7848.6
29, 7848.8
25, 7849
24, 7849.5
0, 7852.4
18, 7854.3
25, 7861
25, 7893.8
18, 7894
0, 7894.5
28, 7894.8
2, 7894.9
24, 7895
3, 7895.1
1, 7896.5
10, 7896.5
12, 7897.4
13, 7897.4
15, 7897.4
25, 7897.5
23, 7898
27, 7898.4
19, 7898.5
18, 7898.9
9, 7899.6
5, 7899.8
26, 7899.9
17, 7900.1
0, 7900.5
28, 7901.5
3, 7901.7
2, 7902.5
29, 7902.9
25, 7903.1
24, 7903.6
18, 7908.3
25, 7915.8
0, 7922.1
0, 8132.6
18, 8132.6
25, 8133
12, 8133.1
1, 8133.2
3, 8133.4
28, 8133.4
23, 8133.5
24, 8133.6
29, 8133.7
16, 8135
10, 8135.2
15, 8135.3
21, 8135.3
6, 8135.6
20, 8135.8
27, 8136.5
14, 8136.7
0, 8137.3
19, 8137.3
18, 8137.6
5, 8137.9
2, 8138.1
9, 8138.3
25, 8138.3
26, 8138.6
31, 8138.6
1, 8138.9
12, 8138.9
17, 8138.9
13, 8139
3, 8139.1
28, 8139.1
23, 8139.4
24, 8139.6
29, 8140
0, 8140.7
18, 8141.2
16, 8142
10, 8142.4
15, 8142.4
21, 8142.4
25, 8142.6
6, 8143.2
20, 8143.7
12, 8143.8
1, 8144.3
3, 8144.5
28, 8144.5
27, 8145.1
0, 8145.6
23, 8145.6
14, 8146.2
24, 8146.4
18, 8146.8
29, 8146.9
19, 8148.8
25, 8149.9
12, 8152.7
0, 8155
13, 8155.1
3, 8155.4
1, 8155.9
28, 8155.9
23, 8159.1
18, 8160.9
16, 8161.2
18, 8189.2
0, 8189.3
25, 8189.6
3, 8189.9
1, 8190
28, 8190
24, 8190.2
10, 8191.6
15, 8191.8
16, 8191.8
23, 8192
12, 8192.1
27, 8192.7
19, 8193.6
2, 8193.7
0, 8193.9
5, 8194
18, 8194.1
9, 8194.3
26, 8194.8
17, 8194.9
25, 8195.1
21, 8195.7
29, 8196.2
3, 8196.4
28, 8196.5
1, 8196.7
14, 8197.2
24, 8198.5
31, 8198.9
23, 8199
0, 8202.1
18, 8203.6
25, 8208.9
0, 8212.5
18, 8212.6
12, 8212.7
1, 8212.8
3, 8212.9
28, 8213
23, 8213.2
24, 8213.4
29, 8213.4
25, 8213.7
16, 8213.8
21, 8214.5
10, 8214.6
15, 8214.7
20, 8215.1
6, 8215.2
27, 8215.7
14, 8216.1
19, 8216.6
2, 8216.8
0, 8216.9
5, 8217
18, 8217.2
9, 8217.3
26, 8217.6
17, 8217.8
31, 8217.8
12, 8218
3, 8218.1
13, 8218.1
1, 8218.3
28, 8218.3
25, 8218.4
23, 8218.8
24, 8218.9
29, 8219.1
0, 8220.3
16, 8221
18, 8221
15, 8221.4
10, 8221.6
21, 8222.2
6, 8222.4
20, 8222.5
12, 8222.8
3, 8223
25, 8223
1, 8223.1
28, 8223.4
27, 8223.7
23, 8224.1
14, 8224.7
0, 8225.1
24, 8225.3
29, 8225.9
18, 8226.6
19, 8227.1
2, 8230
31, 8230.1
25, 8231.2
12, 8231.3
3, 8232.2
5, 8232.2
1, 8232.3
16, 8232.6
28, 8233.2
23, 8233.7
0, 8234.1
13, 8234.3
9, 8237.2
21, 8239.4
17, 8239.6
18, 8241.2
18, 8262.1
0, 8262.2
25, 8262.5
3, 8262.7
28, 8262.8
1, 8263
24, 8263
23, 8264.2
10, 8264.5
15, 8264.6
12, 8264.9
16, 8265
27, 8265.5
19, 8266.4
0, 8266.7
2, 8266.8
5, 8266.8
18, 8267
21, 8267.2
9, 8267.3
17, 8267.7
26, 8267.7
25, 8268.1
14, 8268.6
29, 8268.7
3, 8269.1
28, 8269.3
1, 8269.5
31, 8270.4
24, 8271.1
23, 8271.3
0, 8274.6
18, 8276.4
25, 8281.7
0, 8292.1
18, 8292.2
1, 8292.6
12, 8292.7
25, 8292.7
3, 8292.8
28, 8292.8
23, 8292.9
24, 8293.1
29, 8293.3
16, 8294.2
10, 8294.6
21, 8294.6
15, 8294.7
6, 8295.2
20, 8295.3
27, 8295.7
14, 8296
0, 8296.3
19, 8296.4
18, 8296.5
2, 8296.7
5, 8296.7
9, 8297
25, 8297.2
26, 8297.3
17, 8297.4
1, 8297.6
3, 8297.6
28, 8297.6
31, 8297.6
12, 8297.8
23, 8298.1
13, 8298.2
24, 8298.2
29, 8299.1
0, 8299.9
18, 8300.4
16, 8300.7
15, 8301.3
21, 8301.5
10, 8301.7
25, 8301.8
6, 8302.5
12, 8302.6
1, 8302.8
3, 8302.9
20, 8302.9
28, 8303
23, 8304
27, 8304.6
24, 8305.1
0, 8305.2
14, 8305.3
29, 8306
18, 8306.5
19, 8309.7
25, 8310
12, 8311.2
13, 8313.4
3, 8313.7
1, 8314
28, 8314.4
23, 8315.8
0, 8316.4
16, 8316.9
18, 8340.6
0, 8340.7
25, 8341
3, 8341.3
28, 8341.3
1, 8341.4
24, 8341.5
23, 8342.1
10, 8343
15, 8343.2
16, 8343.3
12, 8343.4
27, 8344.1
21, 8344.4
19, 8344.9
0, 8345.2
2, 8345.4
5, 8345.5
18, 8345.5
14, 8345.8
9, 8345.9
17, 8346.3
26, 8346.3
25, 8346.6
29, 8347.2
31, 8347.6
3, 8347.8
28, 8347.9
1, 8348
23, 8349.3
24, 8349.6
12, 8353
0, 8353.1
6, 8354.8
18, 8354.9
20, 8354.9
29, 8354.9
13, 8357.8
25, 8360.4
12, 8363.8
0, 8372.1
18, 8372.1
25, 8372.6
1, 8372.7
3, 8372.7
28, 8372.8
12, 8372.9
23, 8372.9
24, 8373
29, 8373
16, 8374.3
10, 8374.5
21, 8374.6
15, 8374.7
6, 8374.8
20, 8374.8
27, 8375.6
14, 8376
0, 8376.4
19, 8376.4
18, 8376.6
5, 8376.8
2, 8376.9
9, 8377.2
25, 8377.4
17, 8377.5
26, 8377.5
1, 8377.6
31, 8377.6
3, 8377.8
13, 8377.8
28, 8377.9
12, 8378.1
23, 8378.2
24, 8378.3
29, 8379.1
0, 8379.9
18, 8380.4
16, 8380.7
15, 8381.3
10, 8381.5
21, 8381.5
25, 8381.9
6, 8382.4
20, 8382.7
12, 8382.8
1, 8382.9
3, 8383
28, 8383.3
27, 8384
23, 8384.1
24, 8384.9
0, 8385.1
14, 8385.5
29, 8385.6
18, 8386.3
19, 8388.5
25, 8389.7
13, 8390.4
12, 8391.2
3, 8393.4
1, 8394.2
28, 8394.7
0, 8395.7
23, 8396.8
16, 8401.2
18, 8403.9
0, 8421.6
18, 8421.6
25, 8422
1, 8422.1
3, 8422.3
28, 8422.3
24, 8422.5
23, 8422.9
16, 8423.8
10, 8424
15, 8424.2
12, 8424.4
21, 8425
27, 8425.1
19, 8425.9
0, 8426
14, 8426.4
5, 8426.5
18, 8426.5
2, 8426.6
9, 8426.9
17, 8427.3
26, 8427.4
25, 8427.6
29, 8428.2
31, 8428.3
1, 8428.6
3, 8428.8
28, 8428.9
23, 8430.2
24, 8430.6
12, 8431.6
6, 8433.1
20, 8433.2
0, 8433.9
29, 8435.6
18, 8435.9
13, 8436.1
25, 8441.5
12, 8442.1
0, 8465.1
18, 8465.1
25, 8465.5
1, 8465.7
3, 8465.8
28, 8465.8
24, 8466.1
23, 8466.9
16, 8467.5
10, 8467.6
15, 8467.7
12, 8467.8
27, 8468.7
21, 8469.4
19, 8469.5
0, 8469.6
18, 8470
5, 8470.1
2, 8470.3
9, 8470.5
14, 8470.7
26, 8470.9
17, 8471
25, 8471.1
29, 8471.6
1, 8472.3
3, 8472.3
28, 8472.4
31, 8472.7
23, 8474.3
24, 8474.5
0, 8477.5
18, 8479.4
25, 8485.1
18, 8519
0, 8519.2
25, 8519.5
3, 8519.8
28, 8519.8
1, 8519.9
24, 8520
10, 8521.5
15, 8521.8
16, 8522
12, 8522.1
23, 8522.3
27, 8522.8
19, 8523.5
0, 8523.7
18, 8523.9
5, 8524.2
2, 8524.3
9, 8524.6
25, 8524.9
26, 8525
17, 8525.1
3, 8526.4
29, 8526.4
1, 8526.5
28, 8526.5
24, 8528.4
0, 8531.6
18, 8533.4
25, 8538.5
3, 8757.5
0, 8757.6
18, 8757.6
12, 8758
25, 8758
1, 8758.2
28, 8758.4
23, 8758.5
29, 8758.6
26, 8759.5
16, 8760
15, 8760.3
21, 8760.3
6, 8760.5
20, 8760.7
27, 8761.5
14, 8761.7
3, 8761.8
24, 8762.2
0, 8762.3
19, 8762.3
18, 8762.6
5, 8762.9
2, 8763.3
9, 8763.3
25, 8763.3
12, 8763.5
31, 8763.7
13, 8763.8
1, 8763.9
17, 8763.9
28, 8764.1
23, 8764.4
29, 8764.5
3, 8765
0, 8765.7
18, 8766.2
26, 8766.2
16, 8766.9
15, 8767.4
21, 8767.4
25, 8767.6
6, 8767.9
12, 8768.5
20, 8768.5
3, 8769
1, 8769.3
28, 8769.5
27, 8770.1
23, 8770.5
0, 8770.6
14, 8771.1
29, 8771.5
18, 8771.8
19, 8773.8
24, 8773.8
25, 8775
3, 8775.2
26, 8777
12, 8778
28, 8779.5
0, 8780
1, 8782.2
18, 8786
23, 8787.2
16, 8788.1
3, 8798.8
0, 8814.2
18, 8814.2
25, 8814.6
1, 8814.8
3, 8814.9
28, 8814.9
23, 8815.2
16, 8816.5
12, 8816.8
15, 8816.8
21, 8817
27, 8817.8
29, 8818.2
14, 8818.5
19, 8818.5
24, 8818.6
0, 8818.7
2, 8819
5, 8819
18, 8819.1
26, 8819.2
9, 8819.3
17, 8820.1
25, 8820.1
31, 8820.2
6, 8820.9
20, 8820.9
3, 8821.3
28, 8821.4
1, 8821.5
23, 8822.5
12, 8822.7
13, 8824.1
0, 8826.5
29, 8827.2
18, 8828.6
25, 8832.6
3, 8837.1
12, 8837.1
0, 8837.5
18, 8837.6
1, 8837.8
28, 8837.9
23, 8838.1
25, 8838.4
29, 8838.6
26, 8839.1
16, 8839.2
20, 8839.5
21, 8839.5
6, 8839.7
15, 8839.7
3, 8840.8
27, 8840.8
14, 8841
19, 8841.5
24, 8841.6
0, 8841.7
2, 8842
5, 8842
18, 8842.2
9, 8842.3
12, 8842.3
31, 8842.8
13, 8842.9
17, 8842.9
1, 8843.1
25, 8843.2
28, 8843.2
23, 8843.7
3, 8844
29, 8844.8
0, 8845
26, 8845.3
16, 8845.9
18, 8846
15, 8846.4
12, 8846.6
21, 8846.7
6, 8847.5
20, 8847.5
25, 8847.7
3, 8847.9
1, 8848.2
28, 8848.2
27, 8849.1
23, 8849.3
0, 8849.7
14, 8849.8
29, 8851.4
18, 8851.6
19, 8851.7
24, 8853.1
12, 8853.3
3, 8853.9
13, 8854.5
25, 8855.4
26, 8855.7
2, 8856.5
28, 8857
5, 8857.2
0, 8858.2
31, 8858.2
1, 8858.9
16, 8859.6
20, 8860.8
23, 8861.2
9, 8862.1
6, 8865
18, 8866.3
21, 8867.2
3, 8869.3
0, 8887
18, 8887.1
25, 8887.4
1, 8887.6
3, 8887.7
28, 8887.8
23, 8888.3
12, 8889
16, 8889.2
15, 8889.7
29, 8889.9
21, 8890.3
27, 8890.7
19, 8891.3
0, 8891.5
24, 8891.5
14, 8891.7
5, 8891.8
2, 8891.9
18, 8892
26, 8892
6, 8892.3
9, 8892.3
20, 8892.4
25, 8892.8
17, 8892.9
31, 8893.5
3, 8893.9
1, 8894.2
28, 8894.3
12, 8895.1
13, 8895.4
23, 8895.6
29, 8898.6
0, 8899.3
18, 8901.4
25, 8904.7
3, 8916.8
12, 8916.8
0, 8917.1
18, 8917.2
25, 8917.6
1, 8917.7
28, 8917.8
23, 8917.9
29, 8918.1
26, 8919
16, 8919.4
21, 8919.5
6, 8919.7
15, 8919.7
20, 8919.7
3, 8920.7
27, 8920.8
14, 8920.9
0, 8921.3
19, 8921.3
24, 8921.4
18, 8921.5
5, 8921.7
2, 8921.8
12, 8921.9
9, 8922
25, 8922.1
17, 8922.4
1, 8922.5
28, 8922.5
31, 8922.5
13, 8922.6
23, 8923
29, 8923.5
3, 8924
0, 8924.7
26, 8925.3
18, 8925.4
16, 8925.8
15, 8926.3
21, 8926.4
12, 8926.6
25, 8926.6
6, 8926.7
20, 8927
28, 8927.8
1, 8927.9
3, 8928.1
23, 8929
0, 8929.9
27, 8930.1
29, 8930.5
14, 8930.8
18, 8931.5
19, 8933.8
25, 8934.4
3, 8934.5
12, 8935
26, 8936.5
24, 8936.9
28, 8938
0, 8940.5
1, 8941.3
13, 8944.1
23, 8944.3
0, 8965.5
18, 8965.6
3, 8965.9
25, 8965.9
1, 8966.2
28, 8966.3
12, 8966.7
23, 8966.7
29, 8967.4
16, 8967.8
15, 8968.2
21, 8968.5
27, 8969.2
6, 8969.5
20, 8969.6
19, 8969.8
0, 8969.9
14, 8969.9
24, 8970
5, 8970.4
18, 8970.5
2, 8970.6
26, 8970.6
9, 8970.9
25, 8971.3
17, 8971.5
31, 8971.7
3, 8971.9
1, 8972.6
13, 8972.6
12, 8972.8
28, 8972.8
23, 8974.1
29, 8975.9
0, 8977.5
3, 8978.3
18, 8979.9
26, 8982
25, 8983.4
3, 8987.7
12, 8996.9
0, 8997
18, 8997.1
3, 8997.2
25, 8997.5
1, 8997.6
28, 8997.7
23, 8998
29, 8998.1
26, 8999
16, 8999.3
21, 8999.6
6, 8999.7
15, 8999.7
20, 8999.8
27, 9000.7
14, 9001
3, 9001.2
0, 9001.3
19, 9001.3
24, 9001.5
18, 9001.6
5, 9001.8
2, 9002
9, 9002.1
12, 9002.1
25, 9002.3
31, 9002.5
13, 9002.6
17, 9002.6
1, 9002.7
28, 9002.8
23, 9003.2
29, 9003.6
3, 9004.5
0, 9004.8
18, 9005.4
26, 9005.5
16, 9005.8
15, 9006.3
21, 9006.4
25, 9006.5
6, 9006.8
12, 9006.8
20, 9007.2
1, 9008.1
28, 9008.1
3, 9008.6
23, 9009.3
27, 9009.5
0, 9009.9
29, 9010.7
14, 9011.3
18, 9011.3
19, 9012.9
25, 9013.8
3, 9015
24, 9015.1
12, 9015.3
26, 9016.2
28, 9018.3
0, 9020
1, 9020.6
23, 9027
13, 9027.8
18, 9029
16, 9031.5
0, 9046.6
18, 9046.6
25, 9046.9
3, 9047
1, 9047.2
28, 9047.3
23, 9047.4
12, 9047.5
29, 9048.2
16, 9048.9
21, 9049
15, 9049.2
6, 9050.2
20, 9050.2
27, 9050.3
14, 9050.4
19, 9050.8
0, 9050.9
24, 9051
5, 9051.5
18, 9051.5
26, 9051.6
2, 9051.7
9, 9051.9
25, 9052.3
31, 9052.3
17, 9052.5
3, 9053.1
13, 9053.2
12, 9053.4
28, 9053.8
1, 9053.9
23, 9054.8
29, 9056.9
3, 9058.4
0, 9058.6
18, 9060.9
26, 9062
25, 9064.4
3, 9069.3
12, 9074.7
0, 9090.1
18, 9090.1
25, 9090.5
1, 9090.7
3, 9090.7
28, 9090.8
23, 9091
12, 9091.5
29, 9092.3
16, 9092.4
15, 9092.7
21, 9092.7
27, 9093.8
14, 9094
19, 9094.4
0, 9094.5
6, 9094.5
20, 9094.6
24, 9094.6
18, 9095
5, 9095.1
26, 9095.1
2, 9095.4
9, 9095.5
25, 9096
31, 9096
17, 9096.1
3, 9097
28, 9097.3
1, 9097.4
12, 9097.7
13, 9097.7
23, 9098.5
29, 9101.1
0, 9102.4
18, 9104.4
25, 9108.9
0, 9144
18, 9144
25, 9144.4
1, 9144.6
3, 9144.7
28, 9144.8
23, 9145.3
16, 9146.5
15, 9146.8
12, 9147
21, 9147.2
27, 9147.9
19, 9148.4
0, 9148.5
14, 9148.6
24, 9148.6
18, 9148.9
5, 9149.2
2, 9149.4
26, 9149.4
9, 9149.5
25, 9150
17, 9150.2
31, 9150.6
3, 9151.1
29, 9151.1
1, 9151.2
28, 9151.5
23, 9152.9
0, 9156.4
18, 9158.4
25, 9163.8
3, 9382.5
0, 9382.6
29, 9382.8
25, 9383
1, 9383.2
28, 9383.4
23, 9383.5
15, 9383.6
18, 9383.7
26, 9384.4
12, 9384.8
16, 9385
21, 9385.2
6, 9385.4
20, 9385.7
27, 9386.5
3, 9386.6
14, 9386.6
0, 9387.3
19, 9387.3
24, 9387.4
29, 9387.7
5, 9387.9
9, 9388.3
25, 9388.3
31, 9388.6
13, 9388.8
1, 9388.9
28, 9389.1
23, 9389.4
15, 9389.6
3, 9389.7
18, 9389.7
7, 9390.2
0, 9390.7
26, 9390.8
29, 9391.3
12, 9391.7
16, 9392
21, 9392.4
25, 9392.6
6, 9392.9
20, 9393.5
3, 9393.7
1, 9394.3
28, 9394.5
27, 9395.1
15, 9395.5
0, 9395.6
23, 9395.6
14, 9396.1
29, 9396.5
18, 9397.1
19, 9398.8
24, 9399.6
25, 9400
3, 9400.1
26, 9402
0, 9405
28, 9405
1, 9405.5
29, 9407.6
23, 9414.6
15, 9415.6
0, 9439.2
25, 9439.6
1, 9439.8
3, 9439.8
28, 9439.9
23, 9440
18, 9440.3
29, 9440.3
16, 9441.5
12, 9441.6
21, 9441.6
15, 9441.7
6, 9442.2
20, 9442.3
27, 9442.7
14, 9443.1
26, 9443.4
19, 9443.6
24, 9443.6
0, 9443.7
3, 9443.9
5, 9444.1
9, 9444.3
31, 9444.8
25, 9444.9
13, 9445.3
28, 9446.4
1, 9446.5
23, 9447.3
29, 9448.5
18, 9449.6
3, 9449.8
0, 9451.5
25, 9456.8
26, 9461.3
3, 9462
0, 9462.5
29, 9462.6
1, 9462.8
28, 9462.9
23, 9463.1
15, 9463.2
25, 9463.2
18, 9463.5
12, 9464
16, 9464.3
20, 9464.6
21, 9464.6
6, 9464.8
3, 9465.8
27, 9465.8
14, 9465.9
19, 9466.6
24, 9466.6
0, 9466.9
5, 9467
29, 9467.1
9, 9467.3
31, 9467.7
13, 9467.8
25, 9468
1, 9468.1
28, 9468.2
26, 9468.3
23, 9468.6
15, 9468.8
7, 9469
18, 9469.1
3, 9469.3
0, 9470.1
29, 9470.4
16, 9470.9
12, 9471.1
21, 9471.5
6, 9472.1
20, 9472.2
25, 9472.3
3, 9473.1
1, 9473.2
28, 9473.3
27, 9473.9
23, 9474.4
15, 9474.6
14, 9474.7
0, 9474.9
26, 9475.3
29, 9475.3
18, 9476.3
19, 9477.1
24, 9477.9
3, 9478.9
25, 9479.6
13, 9481.5
28, 9482.4
1, 9483.2
5, 9483.5
0, 9483.7
29, 9484.7
16, 9486.1
31, 9486.9
12, 9487.1
23, 9487.8
9, 9489.2
15, 9491.7
3, 9492.9
0, 9512
25, 9512.4
1, 9512.6
3, 9512.7
28, 9512.8
23, 9512.9
18, 9513.1
29, 9513.4
16, 9514.3
21, 9514.4
15, 9514.5
12, 9514.9
26, 9515.4
6, 9515.5
20, 9515.6
27, 9515.6
14, 9515.8
0, 9516.4
19, 9516.4
24, 9516.4
3, 9516.7
5, 9516.9
9, 9517.3
31, 9517.5
25, 9517.8
13, 9518.5
1, 9519.1
28, 9519.3
23, 9520.3
29, 9521.4
18, 9522.1
3, 9523
0, 9524
25, 9529.6
26, 9532.3
3, 9541.7
0, 9542.1
29, 9542.4
25, 9542.6
1, 9542.7
28, 9542.8
23, 9542.9
15, 9543.2
18, 9543.2
12, 9544.1
26, 9544.1
16, 9544.4
21, 9544.6
6, 9544.7
20, 9544.8
3, 9545.4
27, 9545.7
14, 9546
0, 9546.3
19, 9546.4
24, 9546.4
5, 9546.7
29, 9546.8
9, 9547
25, 9547.1
31, 9547.4
1, 9547.5
13, 9547.6
28, 9547.6
23, 9547.9
18, 9548.4
3, 9548.5
15, 9548.5
7, 9549.2
0, 9549.7
26, 9550
29, 9550.5
12, 9550.7
16, 9550.8
21, 9551.4
25, 9551.6
6, 9551.8
20, 9552.3
3, 9552.4
1, 9553
28, 9553
23, 9554
15, 9554.4
27, 9554.7
0, 9554.9
29, 9555.8
18, 9556.1
14, 9556.8
3, 9558.7
25, 9559.4
19, 9559.7
24, 9560.4
26, 9562
28, 9563.7
1, 9565
0, 9565.5
29, 9567.1
23, 9572.2
15, 9573.2
3, 9590
0, 9590.5
25, 9590.9
1, 9591.1
28, 9591.3
23, 9591.4
18, 9591.6
29, 9591.7
16, 9592.9
15, 9593
21, 9593
26, 9593.1
12, 9593.2
3, 9593.7
6, 9593.7
20, 9593.8
27, 9594.1
14, 9594.4
0, 9594.9
19, 9594.9
24, 9594.9
5, 9595.5
9, 9595.9
31, 9596.1
25, 9596.3
13, 9596.8
1, 9597.6
28, 9597.8
23, 9598.8
3, 9599.3
29, 9599.7
18, 9600.6
0, 9602.5
15, 9603.7
29, 9606.1
25, 9608.3
7, 9609.2
26, 9609.2
3, 9612.1
0, 9622
3, 9622.1
29, 9622.1
25, 9622.5
1, 9622.6
28, 9622.8
23, 9622.9
15, 9623
18, 9623.2
26, 9623.9
12, 9624.2
16, 9624.4
21, 9624.6
6, 9624.8
20, 9624.9
27, 9625.7
14, 9625.9
3, 9626
0, 9626.3
29, 9626.3
19, 9626.4
24, 9626.4
5, 9626.8
9, 9627.1
25, 9627.3
31, 9627.4
13, 9627.6
1, 9627.7
28, 9627.9
23, 9628.2
15, 9628.5
18, 9628.6
7, 9628.9
3, 9629.1
0, 9629.8
26, 9629.9
29, 9630.2
12, 9630.8
16, 9630.9
21, 9631.5
25, 9631.5
6, 9631.9
20, 9632.5
1, 9633.1
28, 9633.3
3, 9633.4
15, 9634.1
23, 9634.3
27, 9634.3
0, 9634.9
29, 9635.2
14, 9635.7
18, 9636.1
19, 9638.5
24, 9638.6
25, 9638.8
3, 9640.4
26, 9641.4
28, 9644.1
1, 9644.5
0, 9644.9
29, 9644.9
15, 9647.7
23, 9653.9
0, 9671.6
3, 9671.8
25, 9671.9
1, 9672.1
28, 9672.3
29, 9672.4
23, 9672.5
18, 9672.6
12, 9673.7
26, 9673.8
16, 9673.9
15, 9674
21, 9674.1
6, 9674.2
20, 9674.4
27, 9675.2
14, 9675.4
3, 9675.7
0, 9675.9
19, 9676
24, 9676
5, 9676.5
9, 9676.9
31, 9677.1
25, 9677.3
13, 9677.4
1, 9678.6
28, 9678.9
29, 9680
23, 9680.1
18, 9681.6
3, 9682.1
15, 9682.4
0, 9683.5
29, 9687.4
7, 9687.5
26, 9689.1
25, 9689.4
0, 9715.1
3, 9715.5
25, 9715.5
1, 9715.7
28, 9715.8
29, 9715.9
23, 9716
18, 9716.2
12, 9717.3
16, 9717.4
15, 9717.5
21, 9717.6
26, 9717.8
6, 9717.9
20, 9718
27, 9718.7
14, 9718.9
0, 9719.5
19, 9719.5
24, 9719.5
3, 9719.6
5, 9720.1
9, 9720.5
31, 9720.8
25, 9721
13, 9721.1
1, 9722.4
28, 9722.4
23, 9723.6
29, 9723.8
18, 9725.5
3, 9725.9
0, 9727.4
25, 9733.9
26, 9734.1
0, 9769
25, 9769.4
1, 9769.6
3, 9769.7
28, 9769.8
23, 9770
18, 9770.1
29, 9770.3
16, 9771.5
15, 9771.6
21, 9771.6
12, 9771.9
6, 9772.4
20, 9772.6
27, 9772.7
14, 9773
0, 9773.5
19, 9773.5
24, 9773.5
5, 9774.1
26, 9774.4
9, 9774.5
31, 9774.9
25, 9775
13, 9775.7
3, 9776.1
1, 9776.2
28, 9776.5
23, 9777.7
29, 9778.5
18, 9779.5
0, 9781.4
25, 9788.8
