60, 99.4
56, 99.6
1, 100.3
58, 100.4
19, 100.6
52, 100.8
11, 101.1
14, 101.1
17, 101.4
23, 101.5
57, 101.7
32, 102.1
13, 102.8
10, 103.8
3, 105.6
36, 106.4
30, 106.6
38, 106.7
39, 106.7
18, 106.8
2, 107
20, 107
21, 107.1
60, 107.9
26, 108.1
37, 108.5
61, 108.9
28, 109.4
56, 109.4
58, 110.1
54, 110.7
17, 111.4
52, 111.4
1, 111.5
62, 111.6
19, 112.7
50, 113.1
25, 114.8
10, 114.9
12, 115.3
22, 116.2
3, 119.2
15, 119.3
2, 120.1
28, 123.4
22, 123.5
53, 123.8
10, 125.4
15, 127
29, 127.5
26, 129
9, 129.4
4, 129.9
8, 130.2
22, 131.2
28, 131.3
12, 131.7
2, 133.1
17, 133.8
21, 135
46, 135.1
28, 138
26, 138.1
10, 138.2
8, 138.3
9, 139
44, 139.6
47, 139.9
59, 140.5
4, 141.9
2, 142
22, 142.6
34, 144
9, 144.8
12, 144.8
26, 145.8
17, 146.3
47, 148.6
5, 155.3
44, 156.3
9, 160.8
56, 181.4
22, 193.5
17, 194.6
10, 194.7
4, 194.8
2, 195.1
12, 195.5
26, 196.4
15, 198.2
28, 201.3
10, 201.7
4, 201.8
12, 202.1
8, 202.2
17, 202.2
22, 202.2
50, 202.7
2, 203.6
26, 203.9
10, 206.1
15, 208.2
12, 208.3
28, 208.7
3, 209.1
4, 209.9
8, 218.6
15, 218.9
22, 272.5
2, 274.8
56, 275.3
10, 275.8
17, 276.3
28, 277.6
26, 278.2
12, 279.4
4, 280.2
15, 280.5
50, 280.7
10, 281.7
8, 282.5
21, 282.6
28, 282.6
22, 282.9
17, 284.6
2, 285.1
26, 286.9
12, 289
9, 289.6
10, 290.1
47, 291.5
15, 292.1
1, 292.6
4, 293.4
60, 293.7
21, 298.4
9, 300.5
28, 302.1
50, 305.8
21, 309.5
19, 328.7
22, 341
17, 641.6
56, 642.2
1, 642.9
10, 642.9
60, 643.1
19, 643.3
28, 644.5
2, 644.6
26, 644.9
58, 644.9
52, 645.2
14, 645.9
11, 646.1
12, 646.2
21, 646.4
23, 646.4
32, 646.8
57, 646.8
3, 647.1
17, 647.3
50, 647.3
13, 647.7
15, 648.6
56, 648.9
10, 650
22, 650.3
1, 650.9
30, 651.2
36, 651.3
20, 651.4
39, 651.4
38, 651.6
60, 651.6
18, 651.7
19, 651.7
2, 652.2
37, 652.6
28, 653.7
61, 654.3
17, 654.8
58, 654.8
26, 655.4
3, 655.6
22, 655.8
50, 656.1
52, 656.1
21, 656.3
29, 656.3
12, 656.4
10, 656.9
15, 656.9
54, 658.7
62, 659.2
2, 659.5
22, 660.4
4, 660.5
8, 660.8
28, 661.2
44, 661.2
25, 661.5
17, 661.8
10, 662.4
60, 662.4
1, 662.5
29, 662.6
26, 662.7
14, 663.5
15, 663.8
12, 664.6
21, 664.7
50, 665.2
22, 665.4
38, 665.4
9, 665.6
4, 667.4
28, 668
2, 668.5
26, 669.2
46, 669.3
17, 669.7
3, 669.8
47, 669.9
10, 670.5
8, 671.5
9, 672.8
12, 672.8
28, 673.9
22, 675.6
4, 675.8
2, 676.6
9, 677
44, 677.1
10, 677.6
17, 678.2
21, 678.5
47, 679.9
9, 683.6
15, 685.3
26, 688.8
9, 689.2
28, 696.8
19, 711.9
9, 713.3
54, 716.3
19, 716.9
61, 717.3
37, 717.9
56, 718.1
9, 718.6
48, 720
44, 720.3
54, 721.4
19, 721.9
5, 722.6
56, 722.9
9, 724.1
61, 725.3
54, 725.5
37, 725.8
19, 725.9
51, 726
48, 726.2
21, 726.5
5, 727.1
56, 727.9
54, 729.9
19, 730
9, 730.1
46, 730.7
5, 732.3
37, 732.4
44, 733.3
56, 733.5
61, 733.6
48, 734.5
21, 735.1
51, 735.4
9, 736.1
54, 736.5
19, 737
2, 739.5
37, 739.7
17, 740.6
46, 740.6
9, 742.1
5, 742.3
56, 742.6
4, 744.2
54, 745.9
9, 748.6
21, 752.2
9, 754.6
37, 757.5
44, 759.2
9, 762.7
28, 764.8
22, 812.2
10, 818.6
2, 819.2
17, 819.2
4, 821.3
15, 825.2
28, 826.4
10, 826.8
12, 827.2
26, 827.4
2, 827.9
17, 828.5
50, 829.7
4, 830
10, 832.2
8, 832.3
28, 837.1
26, 860.4
12, 861.4
26, 881.9
12, 882.2
22, 883.8
56, 884.3
26, 890.5
22, 891.3
12, 892.1
2, 896.5
17, 896.9
10, 897.3
28, 900.3
15, 900.5
22, 901.4
4, 902
50, 902.1
17, 903.7
2, 903.9
8, 903.9
10, 904.6
21, 905.5
28, 906.1
1, 909.4
3, 910.9
10, 911.7
4, 911.9
9, 912
8, 918
15, 921.4
21, 926.6
1, 934.6
9, 935.7
28, 938.8
50, 942.6
21, 944.2
9, 944.6
28, 944.8
2, 947.7
1, 947.8
21, 959.3
22, 1003.4
56, 1264.9
17, 1265.8
1, 1265.9
19, 1266
60, 1266.7
10, 1266.9
2, 1268.5
21, 1268.7
26, 1268.8
28, 1268.9
3, 1269.5
50, 1269.5
56, 1269.7
12, 1270.1
52, 1270.1
37, 1270.4
58, 1270.5
54, 1270.8
17, 1270.9
14, 1271.1
1, 1271.3
19, 1271.8
61, 1272.3
11, 1272.7
15, 1272.8
10, 1273
23, 1273.2
60, 1273.2
32, 1273.4
38, 1273.4
57, 1273.5
22, 1274.7
2, 1275.5
13, 1275.9
44, 1275.9
56, 1275.9
21, 1276.3
28, 1277.1
20, 1277.4
3, 1278
17, 1278.3
50, 1278.4
30, 1278.5
36, 1278.7
18, 1278.9
26, 1279.1
1, 1279.4
10, 1279.4
29, 1279.4
22, 1279.8
12, 1280.6
19, 1280.7
39, 1280.7
37, 1280.8
15, 1280.9
58, 1281.2
52, 1281.7
2, 1281.9
60, 1284.3
8, 1284.4
22, 1284.7
10, 1285.6
14, 1285.6
28, 1285.9
38, 1285.9
26, 1287.1
4, 1287.2
17, 1287.2
21, 1288.3
2, 1291.1
9, 1292.7
12, 1292.9
22, 1293.2
10, 1293.5
4, 1294
28, 1294.4
3, 1294.6
50, 1296.4
17, 1297.1
47, 1298.6
9, 1299.5
8, 1299.6
26, 1300.1
28, 1300.4
15, 1301.7
2, 1301.8
10, 1301.8
4, 1303.2
44, 1303.3
9, 1304.6
21, 1305.2
17, 1305.9
12, 1307.8
47, 1310.2
9, 1314.2
19, 1330.4
9, 1333.7
61, 1334.8
39, 1335.1
48, 1337.1
9, 1337.6
54, 1338
37, 1341
53, 1341.1
19, 1341.3
44, 1342
39, 1342.2
61, 1343.8
9, 1344.8
48, 1345.3
54, 1349.1
19, 1350.3
9, 1350.7
56, 1352.2
53, 1353.2
37, 1354
48, 1354.9
9, 1356.1
44, 1356.1
54, 1358.6
19, 1358.9
15, 1359.4
12, 1359.5
61, 1359.9
53, 1360.4
10, 1362.8
4, 1363.3
9, 1363.4
39, 1366
15, 1367.2
12, 1368.5
17, 1370.3
4, 1370.7
2, 1372
10, 1373.5
39, 1378.7
4, 1379.7
15, 1382.2
56, 1428.7
22, 1436.1
2, 1444.4
17, 1444.4
10, 1444.7
28, 1447.1
26, 1448.8
4, 1449.9
50, 1451.5
10, 1452.7
15, 1452.8
2, 1453
28, 1453.4
17, 1454.3
22, 1455.6
21, 1458.8
8, 1459.4
9, 1473
1, 1477.7
60, 1486.1
1, 1487.9
47, 1489.9
9, 1490.9
60, 1501
26, 1501.5
12, 1502.2
1, 1506.9
22, 1507
56, 1507
26, 1508.9
12, 1510.3
19, 1511.3
60, 1511.6
22, 1512.3
1, 1512.4
29, 1513.1
56, 1515
9, 1515.4
26, 1516.9
12, 1517.6
60, 1518.6
1, 1519.6
22, 1520.5
17, 1522
10, 1523.6
2, 1524.5
28, 1527.4
4, 1529
10, 1531.2
17, 1534
9, 1535.6
28, 1539.1
2, 1542
22, 1616.3
2, 1637.2
2, 1651.2
10, 1652.4
56, 1653.9
19, 1656.2
2, 1656.6
10, 1660.7
2, 1662.7
22, 1677.1
4, 1683.7
17, 1684.2
22, 1686.8
12, 1691.5
26, 1692.6
4, 1692.8
17, 1693.3
12, 1697.8
26, 1698.7
12, 1708.6
26, 1709.8
56, 1890
1, 1890.3
60, 1890.8
19, 1890.9
17, 1891.3
21, 1893.2
28, 1893.6
10, 1893.8
2, 1894.6
50, 1894.7
56, 1894.7
37, 1894.8
14, 1895.2
1, 1895.3
3, 1895.5
61, 1896
19, 1896.3
54, 1896.5
58, 1896.6
60, 1897
17, 1897.4
15, 1898.5
26, 1899.8
44, 1900.1
22, 1900.3
52, 1900.3
20, 1900.8
21, 1900.8
56, 1901.3
12, 1901.4
2, 1901.6
57, 1901.6
10, 1901.8
28, 1901.8
29, 1902.6
1, 1902.7
17, 1903.1
50, 1904
39, 1904.2
22, 1905.1
19, 1905.4
37, 1905.5
3, 1905.6
26, 1906.1
12, 1906.5
4, 1906.7
10, 1907
2, 1907.1
15, 1907.2
60, 1907.2
14, 1907.7
29, 1908.5
38, 1908.6
17, 1908.8
36, 1909
18, 1909.8
22, 1910.1
8, 1910.3
26, 1911.2
12, 1911.7
4, 1911.9
28, 1913
10, 1913.9
2, 1915.2
17, 1916.4
4, 1918.2
26, 1918.5
12, 1920.6
9, 1921.6
28, 1921.7
10, 1923
22, 1923.1
9, 1926.4
21, 1928.4
8, 1928.6
2, 1931.6
28, 1931.8
47, 1935.5
9, 1939.7
9, 1953.7
48, 1958.7
9, 1959.2
53, 1959.3
54, 1959.9
28, 1961.7
44, 1962.1
37, 1963.4
9, 1964.3
28, 1966.8
48, 1968.2
53, 1968.8
19, 1969.4
61, 1970.8
33, 1972
54, 1973.5
19, 1974.8
28, 1975
56, 1975.1
9, 1976
26, 1976.6
61, 1976.7
33, 1977.7
37, 1977.7
53, 1979.3
44, 1979.4
28, 1979.7
19, 1981.1
48, 1981.1
9, 1981.2
54, 1982.4
28, 1984.1
61, 1984.6
33, 1986.3
9, 1987.8
26, 1988.9
28, 1990.5
53, 1993.1
17, 1993.8
28, 1994.9
2, 1999.3
4, 2000.6
56, 2053.4
22, 2064.7
10, 2067.5
17, 2068
2, 2068.2
4, 2070.9
15, 2071.9
10, 2074
50, 2075.1
22, 2076.2
12, 2076.3
17, 2076.4
2, 2076.5
3, 2078.3
10, 2078.5
4, 2079.9
28, 2080.1
26, 2080.7
21, 2085.1
9, 2097
1, 2099
1, 2108.1
9, 2111.6
1, 2119.1
1, 2129.1
9, 2129.5
22, 2131.4
56, 2132.4
9, 2144.3
22, 2144.7
10, 2148.2
17, 2148.6
26, 2151.2
2, 2151.3
12, 2151.8
4, 2151.9
10, 2153.3
28, 2156.3
15, 2156.6
3, 2157.8
17, 2158.1
50, 2158.2
10, 2159.1
2, 2159.7
26, 2159.8
4, 2160
8, 2160.1
12, 2160.1
21, 2160.9
8, 2177.3
56, 2183.7
22, 2213.2
56, 2228.8
19, 2229.8
22, 2239.3
22, 2250.3
29, 2252.2
19, 2279.2
56, 2283
22, 2299.6
17, 2302.8
4, 2303.5
2, 2305.7
22, 2309.4
10, 2310.1
17, 2310.7
4, 2311.7
2, 2312.7
29, 2314.7
17, 2316.1
2, 2318.1
4, 2318.6
10, 2320.1
56, 2515.1
1, 2515.3
19, 2515.5
60, 2517.9
21, 2518.6
28, 2518.9
26, 2519
56, 2519.9
14, 2520.1
1, 2520.3
19, 2520.6
10, 2521.8
17, 2522.1
2, 2522.4
50, 2524.1
37, 2524.3
61, 2524.5
20, 2525
21, 2526.2
56, 2526.6
60, 2526.8
28, 2527.1
1, 2527.2
22, 2527.4
19, 2527.8
12, 2528.2
3, 2528.3
2, 2528.6
10, 2528.6
26, 2528.7
54, 2529.4
17, 2529.6
29, 2529.7
15, 2529.8
14, 2531
22, 2531.8
10, 2534
44, 2534
2, 2534.5
4, 2534.5
17, 2535.9
26, 2536.8
12, 2537.4
22, 2538.3
53, 2538.4
10, 2539.3
4, 2540
50, 2540.2
28, 2540.3
2, 2541.3
8, 2541.5
17, 2542.3
29, 2545.7
28, 2547
15, 2548.5
9, 2549.1
10, 2549.5
26, 2549.7
4, 2550.6
12, 2552.8
9, 2554.7
28, 2554.9
21, 2556
8, 2556.5
2, 2563.6
9, 2576.6
53, 2581.9
48, 2583
9, 2583.1
44, 2583.9
54, 2584.3
37, 2584.5
9, 2587.1
53, 2588.4
48, 2590.3
54, 2593.8
53, 2598.9
9, 2599.2
56, 2599.7
19, 2600.7
37, 2601.8
54, 2602.7
48, 2602.8
44, 2603
9, 2605
53, 2608.4
48, 2610.3
9, 2611.5
17, 2617.8
9, 2618
44, 2618.5
4, 2624.5
56, 2678.1
19, 2681.2
22, 2681.4
17, 2691.1
22, 2691.8
10, 2692.7
2, 2693.7
4, 2695
26, 2695.3
12, 2695.5
17, 2696.4
10, 2698.8
15, 2698.8
28, 2699.1
2, 2701.7
10, 2702.5
50, 2703.1
4, 2703.3
3, 2704.2
12, 2704.6
28, 2705
26, 2705.3
17, 2705.8
8, 2706.6
21, 2708
10, 2712.6
21, 2718.8
1, 2718.9
1, 2728.1
56, 2729.3
9, 2737.1
1, 2745.3
9, 2751.6
1, 2753.9
56, 2758.9
22, 2759.2
19, 2759.4
17, 2772
10, 2773.6
22, 2773.7
2, 2774.2
26, 2774.7
12, 2774.9
9, 2775.7
4, 2775.8
10, 2779.2
28, 2779.2
15, 2779.6
17, 2779.9
50, 2782.1
3, 2782.3
26, 2782.7
4, 2782.9
12, 2782.9
2, 2784
10, 2785.2
21, 2785.8
28, 2787.4
8, 2788.1
21, 2792.8
15, 2795.3
26, 2802.8
21, 2803.9
38, 2810.8
38, 2818
24, 2820.5
2, 2823.3
2, 2831.3
19, 2854.3
56, 2854.5
22, 2868
19, 2904.9
56, 2907.3
22, 2926.2
4, 2930.7
17, 2931
2, 2937.7
4, 2938.2
17, 2938.8
22, 2942.7
4, 2946
2, 2946.8
17, 2947.4
10, 2947.9
17, 2955
4, 2955.5
56, 3137.3
60, 3137.3
1, 3137.4
19, 3137.6
17, 3138.2
10, 3138.8
3, 3139.3
21, 3139.5
2, 3139.6
28, 3139.6
14, 3140
37, 3140
26, 3140.1
50, 3140.3
54, 3140.5
56, 3140.6
61, 3140.7
1, 3140.9
19, 3141.1
60, 3141.2
20, 3141.4
12, 3141.8
53, 3141.8
17, 3142.6
15, 3142.9
10, 3143
38, 3143.3
56, 3143.4
3, 3143.5
1, 3143.6
21, 3143.6
44, 3143.6
19, 3143.8
2, 3143.9
28, 3143.9
37, 3143.9
26, 3144
14, 3144.2
60, 3144.3
58, 3144.5
22, 3144.8
50, 3144.8
61, 3144.9
29, 3145
39, 3145
54, 3145
20, 3145.2
12, 3145.6
17, 3145.7
48, 3145.9
10, 3146.1
52, 3146.1
56, 3146.3
1, 3146.5
53, 3146.5
19, 3146.8
15, 3147.2
2, 3147.4
3, 3147.5
21, 3147.8
26, 3147.8
37, 3147.9
60, 3148
8, 3148.1
28, 3148.1
14, 3148.4
33, 3148.6
44, 3148.9
13, 3149
18, 3149
36, 3149.2
11, 3149.4
22, 3149.4
58, 3149.4
61, 3149.5
38, 3149.6
32, 3149.7
56, 3149.8
17, 3149.9
10, 3150
20, 3150
12, 3150.1
54, 3150.1
23, 3150.3
50, 3150.4
1, 3150.5
19, 3150.8
2, 3152
46, 3152.2
48, 3152.5
62, 3152.9
26, 3153.2
51, 3155
56, 3155
27, 3155.5
39, 3156.5
28, 3156.8
37, 3157.2
17, 3158
60, 3158
8, 3158.7
33, 3158.9
14, 3159.2
22, 3160.2
49, 3160.2
53, 3160.7
24, 3162
1, 3163.1
32, 3167
56, 3196.1
19, 3197
56, 3219
19, 3220.4
17, 3220.7
1, 3221.2
60, 3222.3
56, 3223.3
21, 3224
20, 3224.5
28, 3224.7
19, 3224.9
2, 3225
10, 3225.5
17, 3226.2
1, 3228.1
56, 3229.2
61, 3230.8
54, 3232
26, 3235.5
56, 3269.1
19, 3270
60, 3270
1, 3270.6
17, 3271.2
10, 3275.6
21, 3280.4
56, 3298.6
60, 3298.8
19, 3299.2
1, 3299.3
17, 3299.8
2, 3300
10, 3300.1
3, 3301.1
28, 3301.7
56, 3302.1
14, 3302.3
21, 3302.6
26, 3302.6
20, 3302.7
37, 3302.9
53, 3302.9
54, 3303
60, 3303
19, 3303.1
1, 3303.3
61, 3303.3
50, 3303.7
12, 3304
17, 3304.2
10, 3305.1
2, 3305.2
38, 3305.4
56, 3306.6
15, 3307.2
3, 3307.4
28, 3308.4
19, 3308.6
1, 3309.1
44, 3309.1
20, 3309.3
60, 3310.6
26, 3310.7
14, 3311.1
17, 3311.5
2, 3313.2
10, 3313.7
37, 3313.8
48, 3314.9
12, 3315
61, 3316.3
21, 3316.8
56, 3347.9
19, 3348.7
17, 3351.1
60, 3354
56, 3378.7
19, 3379.1
1, 3379.4
60, 3379.8
17, 3380.3
10, 3382
28, 3382.3
3, 3382.4
54, 3382.4
56, 3382.5
19, 3382.9
2, 3383
21, 3383
26, 3383
20, 3383.3
1, 3383.5
53, 3383.7
61, 3383.7
14, 3383.8
60, 3384.4
50, 3384.6
37, 3384.7
17, 3385
12, 3385.4
38, 3387
56, 3387.3
19, 3388.1
10, 3388.9
1, 3389.7
28, 3390.1
2, 3390.3
26, 3391.2
20, 3391.5
15, 3391.9
54, 3391.9
39, 3392.3
3, 3393.1
22, 3393.7
21, 3394.1
56, 3428.4
19, 3429.7
1, 3430.4
17, 3431.1
60, 3431.7
56, 3471.2
19, 3471.8
60, 3471.8
1, 3471.9
17, 3472.5
10, 3472.9
2, 3474.3
21, 3475.2
28, 3475.2
3, 3475.6
14, 3475.8
56, 3476.8
61, 3476.9
26, 3477.1
54, 3477.4
37, 3478.4
53, 3479.7
19, 3479.8
20, 3480.5
50, 3481.9
1, 3482
12, 3482.3
60, 3524.8
56, 3524.9
1, 3525.3
19, 3525.5
17, 3525.6
10, 3526.4
3, 3527.3
21, 3528.1
2, 3528.3
28, 3528.4
14, 3528.9
37, 3529
26, 3529.3
54, 3529.7
56, 3529.8
61, 3529.9
50, 3530.4
60, 3531
1, 3531.3
19, 3531.5
38, 3532.1
12, 3532.9
17, 3533.5
15, 3533.8
20, 3533.8
53, 3533.9
10, 3535.2
22, 3539.6
56, 3762.5
1, 3762.6
19, 3762.7
17, 3762.9
21, 3763.5
28, 3763.9
12, 3764
3, 3764.1
60, 3764.1
2, 3764.7
37, 3765
26, 3765.1
54, 3765.1
14, 3765.3
61, 3765.7
56, 3765.8
1, 3766.1
58, 3766.1
53, 3766.5
19, 3766.6
20, 3766.7
17, 3766.9
21, 3767.5
15, 3767.7
12, 3768.1
28, 3768.1
3, 3768.2
30, 3768.3
60, 3768.4
10, 3768.6
56, 3768.6
1, 3768.7
2, 3768.7
44, 3768.7
37, 3768.9
39, 3769
26, 3769.1
14, 3769.3
19, 3769.3
38, 3769.3
52, 3769.3
54, 3769.4
22, 3769.6
29, 3769.7
61, 3769.7
17, 3770.1
58, 3770.1
27, 3770.5
20, 3770.7
21, 3771
48, 3771
53, 3771.1
12, 3771.5
56, 3771.6
1, 3771.8
28, 3771.8
3, 3772
15, 3772.2
2, 3772.5
10, 3772.6
19, 3772.8
26, 3772.9
37, 3773
60, 3773
8, 3773.1
30, 3773.2
4, 3773.7
36, 3773.7
13, 3773.9
14, 3773.9
17, 3774
32, 3774.1
44, 3774.3
33, 3774.4
54, 3774.4
61, 3774.4
22, 3774.7
56, 3775.3
58, 3775.3
38, 3775.4
39, 3775.5
20, 3775.7
52, 3775.7
12, 3776
21, 3776.3
57, 3776.4
46, 3776.5
1, 3776.6
2, 3777.1
27, 3777.2
48, 3777.2
19, 3777.3
28, 3778.1
11, 3778.3
26, 3778.3
5, 3779.1
53, 3779.6
10, 3779.8
62, 3779.9
25, 3780.2
17, 3781.5
3, 3781.6
29, 3781.8
51, 3782
56, 3783.5
32, 3784.9
24, 3787.3
49, 3791.5
56, 3821.2
19, 3822.3
17, 3826.5
1, 3826.6
56, 3844.1
19, 3845.6
21, 3846.4
28, 3846.7
1, 3847.3
17, 3847.3
56, 3848.4
20, 3849.8
19, 3850.2
2, 3850.6
12, 3852.3
21, 3852.3
28, 3853.1
14, 3853.7
56, 3854.4
17, 3855.7
1, 3857
56, 3894.3
19, 3895
1, 3897.1
17, 3897.1
56, 3923.8
19, 3924.2
1, 3924.7
2, 3925.1
21, 3925.2
17, 3925.3
28, 3925.5
60, 3926.4
3, 3926.7
12, 3926.8
26, 3927.1
54, 3927.5
56, 3927.5
61, 3927.7
20, 3927.9
37, 3927.9
14, 3928.1
19, 3928.2
53, 3928.4
1, 3929.2
21, 3929.7
2, 3930.3
17, 3930.3
28, 3930.5
10, 3932.5
12, 3932.5
56, 3932.5
15, 3933.3
19, 3933.7
26, 3933.7
58, 3933.9
60, 3934.4
3, 3934.5
20, 3934.6
44, 3934.9
61, 3936.6
30, 3937
2, 3937.9
37, 3937.9
17, 3938.9
38, 3939.9
56, 3972.5
1, 3973.7
19, 3973.7
17, 3978.1
56, 4003.5
1, 4004
19, 4004.2
17, 4004.5
21, 4004.6
28, 4004.9
12, 4006
60, 4006.5
3, 4006.9
26, 4006.9
14, 4007
56, 4007.1
54, 4007.3
2, 4007.5
1, 4007.8
19, 4008
53, 4008
61, 4008.4
20, 4008.5
37, 4008.5
21, 4008.7
17, 4008.9
28, 4009.4
12, 4011
56, 4011.2
58, 4011.2
15, 4012.1
39, 4012.3
26, 4013
19, 4013.1
1, 4013.2
10, 4013.5
60, 4013.5
3, 4014.1
14, 4014.1
27, 4014.1
38, 4014.2
2, 4014.3
21, 4015
17, 4015.7
20, 4015.9
28, 4016.1
44, 4016.5
54, 4016.5
30, 4016.8
48, 4017.6
4, 4018.1
53, 4018.6
56, 4053.5
19, 4054.6
1, 4055.3
17, 4057.1
56, 4096.3
19, 4096.8
1, 4097
17, 4097.5
2, 4097.7
60, 4099.3
3, 4099.6
37, 4100.8
21, 4100.9
26, 4101
28, 4101.5
56, 4102.3
61, 4102.4
14, 4102.7
54, 4103.5
19, 4105.1
20, 4106.1
1, 4110
56, 4150
1, 4150.4
19, 4150.4
17, 4150.6
60, 4152
3, 4152.1
2, 4152.8
21, 4153.4
37, 4153.5
26, 4153.9
28, 4154
14, 4154.6
54, 4154.8
56, 4154.8
61, 4155
12, 4155.7
53, 4155.7
1, 4156.8
19, 4156.9
15, 4157.5
17, 4159.1
20, 4159.2
10, 4162.8
56, 4387.5
1, 4387.6
19, 4387.7
21, 4388
12, 4388.8
28, 4388.9
60, 4388.9
20, 4389.5
54, 4389.9
37, 4390
26, 4390.1
52, 4390.2
14, 4390.3
61, 4390.5
44, 4390.6
56, 4390.8
53, 4391
1, 4391.1
58, 4391.1
17, 4391.3
19, 4391.3
21, 4391.6
15, 4392.8
12, 4392.9
28, 4393
2, 4393.1
10, 4393.1
30, 4393.1
60, 4393.2
20, 4393.6
39, 4393.6
1, 4393.7
56, 4393.7
37, 4393.8
38, 4393.9
26, 4394
19, 4394.1
54, 4394.1
29, 4394.4
52, 4394.4
61, 4394.4
3, 4394.5
14, 4394.5
21, 4394.5
44, 4394.7
27, 4394.9
58, 4395
53, 4395.5
17, 4396
12, 4396.4
48, 4396.5
56, 4396.5
1, 4396.7
36, 4396.8
2, 4397
28, 4397
10, 4397.1
19, 4397.3
15, 4397.4
20, 4397.4
60, 4397.4
26, 4397.9
4, 4398
30, 4398.1
37, 4398.2
32, 4398.3
13, 4398.4
21, 4398.6
54, 4398.8
14, 4399
61, 4399
8, 4399.6
33, 4399.8
52, 4399.8
44, 4400
46, 4400.2
56, 4400.2
38, 4400.3
12, 4401
3, 4401.2
58, 4401.3
39, 4401.4
17, 4401.5
1, 4401.6
27, 4401.6
19, 4402
20, 4402.2
2, 4402.4
35, 4402.6
48, 4402.7
28, 4403.5
25, 4403.6
5, 4403.7
26, 4403.7
10, 4403.8
11, 4404.3
50, 4404.4
53, 4404.5
22, 4405.1
51, 4405.8
36, 4405.9
21, 4407
56, 4408.3
32, 4409.8
47, 4411.2
4, 4412.7
56, 4446.1
19, 4447.2
1, 4449.8
56, 4469.2
19, 4470.3
21, 4470.3
28, 4471.5
20, 4471.9
1, 4472
56, 4473.3
19, 4474.9
21, 4475
14, 4477
28, 4477.2
20, 4477.4
12, 4478.4
56, 4478.5
1, 4480.1
44, 4480.4
61, 4482.4
56, 4519.2
19, 4520
1, 4521.5
28, 4524
21, 4524.4
56, 4548.7
19, 4549.2
1, 4549.6
21, 4549.7
20, 4551
28, 4551
60, 4551.1
12, 4551.3
26, 4552
54, 4552.3
56, 4552.3
14, 4552.7
53, 4552.9
19, 4553.1
61, 4553.2
1, 4553.8
37, 4553.8
21, 4553.9
17, 4554.3
44, 4554.7
20, 4555.9
28, 4556.5
52, 4556.6
12, 4557.1
56, 4557.1
2, 4558.2
26, 4558.7
19, 4558.9
60, 4560.2
15, 4560.3
58, 4560.9
10, 4561.9
54, 4562.6
20, 4570.2
56, 4597.7
19, 4598.7
1, 4599.6
21, 4603.1
60, 4603.2
12, 4603.3
28, 4603.4
17, 4608
53, 4608.9
56, 4628.6
19, 4629.1
1, 4629.3
21, 4629.7
12, 4631.4
20, 4631.4
28, 4631.4
60, 4631.4
26, 4631.9
52, 4631.9
37, 4632
54, 4632.2
56, 4632.2
61, 4632.2
44, 4632.5
14, 4632.6
19, 4632.9
1, 4633.3
17, 4633.7
21, 4633.9
53, 4633.9
30, 4634.1
38, 4634.2
2, 4635.4
39, 4635.5
58, 4635.8
15, 4636.3
3, 4636.5
10, 4636.6
20, 4636.6
56, 4636.6
12, 4637
28, 4637.3
19, 4637.9
26, 4638
60, 4638.5
37, 4638.9
52, 4638.9
61, 4638.9
27, 4639.2
1, 4639.6
54, 4639.7
44, 4640.2
14, 4641.4
21, 4642.3
48, 4642.6
17, 4643.7
2, 4644.2
10, 4645.5
4, 4648.3
56, 4678.6
19, 4679.6
1, 4681.2
28, 4684.1
21, 4688.6
56, 4721.3
19, 4721.8
1, 4722.3
12, 4724.9
60, 4724.9
21, 4725
28, 4725.1
26, 4726
56, 4727.4
37, 4728.6
14, 4728.8
61, 4728.9
54, 4729.1
19, 4730
20, 4738.4
56, 4775
1, 4775.1
19, 4775.4
60, 4777.4
26, 4778.9
37, 4779.2
14, 4779.8
56, 4779.8
54, 4779.9
21, 4780
53, 4780
17, 4780.1
28, 4780.3
61, 4780.5
1, 4780.7
19, 4781.6
15, 4784.3
12, 4786.1
20, 4789.8
2, 4791.1
56, 5012.4
19, 5012.7
60, 5012.9
1, 5013.1
20, 5013.6
12, 5013.8
21, 5014.7
54, 5015
26, 5015.1
38, 5015.1
61, 5015.5
44, 5015.7
56, 5015.9
53, 5016
17, 5016.1
19, 5016.3
58, 5016.3
36, 5016.7
60, 5016.9
1, 5017.1
28, 5017.4
20, 5017.6
15, 5017.8
12, 5017.9
52, 5017.9
10, 5018
2, 5018.1
30, 5018.2
32, 5018.5
39, 5018.6
56, 5018.7
21, 5018.8
26, 5019
54, 5019.1
3, 5019.2
19, 5019.2
61, 5019.3
38, 5019.6
29, 5019.8
44, 5019.8
27, 5019.9
1, 5020
58, 5020.2
60, 5020.4
14, 5020.5
17, 5020.8
20, 5020.8
53, 5020.8
36, 5021.1
37, 5021.2
12, 5021.3
48, 5021.8
56, 5021.8
2, 5022.1
28, 5022.3
19, 5022.4
10, 5022.6
35, 5022.6
26, 5022.7
15, 5022.9
21, 5022.9
52, 5023.3
16, 5023.4
1, 5023.5
54, 5023.5
4, 5023.6
30, 5023.6
61, 5023.7
8, 5024.1
18, 5024.1
32, 5024.1
6, 5024.4
38, 5024.5
3, 5024.7
20, 5024.7
60, 5024.7
33, 5024.9
44, 5024.9
56, 5025.3
12, 5025.5
39, 5025.5
14, 5026
17, 5026
22, 5026.1
51, 5026.1
50, 5026.2
46, 5026.4
58, 5026.4
27, 5026.5
36, 5026.5
5, 5026.9
2, 5027
19, 5027.3
13, 5028.2
48, 5028.2
25, 5028.4
26, 5028.5
10, 5029.2
37, 5029.4
41, 5029.5
29, 5029.8
1, 5030.3
15, 5030.7
20, 5030.7
53, 5030.7
56, 5031.8
49, 5032.9
28, 5033.6
35, 5033.8
4, 5033.9
8, 5034.7
32, 5035.8
9, 5040.2
2, 5040.5
6, 5041.2
56, 5071.2
19, 5072.4
56, 5094.4
19, 5095.2
20, 5095.3
56, 5098.5
60, 5098.6
1, 5098.8
20, 5099.7
19, 5099.8
21, 5100
12, 5101.9
56, 5104.2
44, 5105.3
61, 5105.4
20, 5106.8
26, 5107
28, 5107.6
56, 5144.1
19, 5144.9
21, 5160.2
56, 5173.7
19, 5174.2
60, 5174.2
1, 5174.4
20, 5175
12, 5176.3
56, 5177.3
54, 5177.5
21, 5177.7
26, 5177.7
38, 5177.9
19, 5178.1
53, 5178.1
61, 5178.4
1, 5178.6
44, 5178.6
17, 5178.8
60, 5179
20, 5179.2
28, 5179.3
36, 5180.2
56, 5182
12, 5182.3
58, 5182.4
2, 5182.8
32, 5183.4
15, 5184
19, 5184
1, 5185.1
10, 5185.3
20, 5185.4
26, 5185.9
21, 5187.6
60, 5187.9
54, 5188.5
14, 5189.4
30, 5189.7
27, 5189.8
38, 5190
56, 5222.5
19, 5223.7
60, 5253.3
56, 5253.5
19, 5254.2
1, 5254.5
20, 5254.8
12, 5256.1
56, 5257.2
21, 5257.3
60, 5257.7
61, 5257.7
26, 5257.8
44, 5257.8
38, 5257.9
54, 5257.9
19, 5258.1
17, 5258.2
53, 5258.3
1, 5258.8
28, 5258.8
20, 5258.9
36, 5259
58, 5260.6
2, 5261.3
12, 5261.6
15, 5261.6
56, 5261.6
10, 5262.7
32, 5262.7
3, 5262.9
30, 5263.5
19, 5263.6
60, 5264.2
20, 5264.5
1, 5264.6
21, 5264.8
52, 5265.1
26, 5265.2
61, 5265.6
39, 5265.8
44, 5266.4
38, 5267.5
54, 5268
27, 5269.1
14, 5270.1
17, 5270.2
10, 5270.4
36, 5270.6
48, 5271
2, 5272.3
56, 5303.3
19, 5304.6
20, 5312.9
56, 5315.8
56, 5346.5
19, 5346.8
12, 5348.7
1, 5349.8
21, 5350.2
60, 5351.4
26, 5351.8
20, 5352.3
54, 5353
56, 5353.2
61, 5353.2
28, 5353.7
53, 5353.7
19, 5355.3
17, 5359.9
56, 5400.1
19, 5400.4
12, 5401.9
1, 5402.2
60, 5402.4
26, 5404.1
54, 5404.4
58, 5404.7
61, 5405.1
56, 5405.5
19, 5406.7
53, 5406.8
21, 5407.1
15, 5408.1
17, 5408.2
28, 5408.6
30, 5412.6
12, 5413.4
2, 5414.4
19, 5637.2
1, 5638
56, 5638.4
12, 5638.7
21, 5638.8
60, 5638.9
20, 5639.1
61, 5639.1
17, 5639.4
54, 5639.6
38, 5640.1
2, 5640.4
19, 5640.4
53, 5641.1
58, 5641.4
36, 5641.7
35, 5641.8
1, 5642
28, 5642.3
56, 5642.5
52, 5642.7
12, 5642.8
15, 5642.8
10, 5643
21, 5643
19, 5643.2
20, 5643.2
32, 5643.2
60, 5643.3
61, 5643.3
30, 5643.4
17, 5643.9
54, 5644
16, 5644.1
26, 5644.1
3, 5644.3
38, 5644.3
44, 5644.3
27, 5644.4
2, 5644.6
29, 5644.8
1, 5644.9
4, 5645.2
53, 5645.5
58, 5645.5
13, 5645.6
56, 5645.6
37, 5645.7
36, 5645.9
48, 5645.9
19, 5646
35, 5646.2
12, 5646.3
21, 5646.6
20, 5646.9
61, 5646.9
28, 5647.2
15, 5647.7
10, 5647.8
6, 5647.9
60, 5647.9
8, 5648.1
26, 5648.1
1, 5648.2
17, 5648.2
54, 5648.2
52, 5648.3
2, 5648.5
32, 5648.6
30, 5648.8
14, 5649
19, 5649.1
38, 5649.4
44, 5649.5
56, 5649.5
4, 5649.6
3, 5649.8
18, 5649.9
33, 5650
27, 5650.3
12, 5650.4
16, 5650.4
5, 5650.7
22, 5650.9
20, 5651.1
58, 5651.1
48, 5651.2
51, 5651.2
36, 5651.6
46, 5651.6
61, 5651.6
25, 5651.7
41, 5651.8
50, 5651.8
53, 5651.9
35, 5652
37, 5652.1
21, 5652.2
49, 5652.2
29, 5652.4
17, 5652.8
10, 5652.9
2, 5653.5
26, 5653.6
45, 5653.7
1, 5653.9
13, 5654.2
19, 5654.2
15, 5654.9
60, 5655.2
32, 5656
47, 5656
54, 5656.2
6, 5656.5
56, 5658
9, 5658.4
28, 5658.9
20, 5659.8
8, 5660.2
4, 5661
2, 5661.7
49, 5662.2
19, 5698.7
56, 5699.8
19, 5719.3
20, 5722
56, 5722
21, 5722.8
1, 5723.3
19, 5723.5
61, 5726.5
17, 5727.3
20, 5727.3
56, 5728.5
28, 5731.1
19, 5731.4
21, 5734.1
19, 5771.7
56, 5772.1
1, 5773.5
19, 5798.6
1, 5800.1
56, 5800.5
20, 5800.8
21, 5800.8
12, 5801.6
17, 5802
61, 5802.1
19, 5802.3
60, 5802.4
2, 5802.8
38, 5803.2
54, 5803.5
28, 5804.2
36, 5804.4
53, 5804.5
1, 5804.7
35, 5804.8
20, 5805.3
56, 5805.3
21, 5805.8
19, 5806.9
58, 5806.9
15, 5808
12, 5808.8
44, 5809.3
61, 5809.5
17, 5809.8
32, 5811
10, 5811.6
2, 5811.8
20, 5813.2
1, 5813.6
19, 5848.9
56, 5850.5
12, 5852.8
60, 5852.9
38, 5853.1
19, 5878.2
1, 5880.2
56, 5880.5
17, 5880.7
20, 5880.7
21, 5880.7
61, 5881
12, 5881.2
60, 5881.3
54, 5881.7
19, 5882
38, 5882.1
2, 5882.5
53, 5882.5
36, 5883.5
30, 5884
28, 5884.2
1, 5884.7
35, 5884.8
52, 5885.2
56, 5885.2
3, 5885.3
20, 5885.3
58, 5885.4
21, 5885.7
17, 5885.8
10, 5885.9
19, 5886
15, 5886.2
32, 5886.4
44, 5886.4
61, 5886.4
12, 5886.8
26, 5887
4, 5888.3
27, 5888.3
60, 5888.3
54, 5888.6
16, 5888.8
2, 5889.1
38, 5889.8
53, 5890.7
10, 5891.4
48, 5891.5
1, 5891.7
13, 5891.9
19, 5892.5
3, 5892.6
20, 5892.8
36, 5893.5
17, 5895.1
56, 5895.2
44, 5896
2, 5897.1
35, 5897.4
4, 5898
37, 5898.2
19, 5931.6
56, 5933.9
19, 5972.3
1, 5973.8
56, 5973.9
12, 5974.3
21, 5976
60, 5977.5
20, 5979.2
38, 5979.6
54, 5980.8
19, 6025.2
56, 6026.4
12, 6026.8
1, 6027.8
21, 6028.2
61, 6028.4
54, 6029.1
53, 6029.8
58, 6030.4
28, 6030.6
19, 6030.8
17, 6031
30, 6035.2
15, 6035.7
56, 6038
10, 6042.2
52, 6042.2
1, 6262.6
20, 6263
60, 6263
61, 6263.4
19, 6263.5
12, 6263.7
21, 6263.8
38, 6263.8
17, 6264.4
54, 6264.7
58, 6264.7
52, 6264.8
32, 6265
56, 6265.2
2, 6265.4
1, 6266.3
20, 6266.6
35, 6266.7
36, 6266.7
28, 6267.2
60, 6267.2
61, 6267.4
19, 6267.6
15, 6267.8
21, 6267.8
12, 6267.9
38, 6268.1
26, 6268.3
30, 6268.3
10, 6268.5
54, 6268.8
58, 6268.8
16, 6268.9
17, 6268.9
1, 6269
44, 6269.1
56, 6269.1
52, 6269.2
2, 6269.3
3, 6269.3
32, 6269.3
20, 6269.5
27, 6269.5
4, 6270
29, 6270
48, 6270.5
61, 6270.5
60, 6270.6
36, 6270.8
19, 6270.9
12, 6271
35, 6271
21, 6271.4
1, 6272.1
26, 6272.1
28, 6272.2
38, 6272.3
13, 6272.4
6, 6272.7
15, 6272.7
59, 6272.7
17, 6272.9
58, 6272.9
10, 6273
20, 6273
54, 6273
56, 6273.3
2, 6273.4
8, 6273.4
14, 6273.6
52, 6273.6
30, 6273.7
55, 6273.7
32, 6273.9
61, 6274.4
43, 6274.5
4, 6274.8
5, 6274.8
19, 6274.8
12, 6274.9
44, 6274.9
53, 6274.9
3, 6275
60, 6275
41, 6275.2
16, 6275.5
27, 6275.6
22, 6275.8
46, 6275.8
48, 6275.9
34, 6276
37, 6276.2
36, 6276.4
1, 6276.5
25, 6276.8
21, 6277
49, 6277
20, 6277.3
26, 6277.6
35, 6277.7
51, 6277.8
2, 6279
17, 6279.2
38, 6279.4
47, 6279.4
57, 6279.6
29, 6280.1
6, 6280.3
10, 6280.5
32, 6280.5
50, 6280.5
45, 6280.9
54, 6281.4
28, 6283.5
61, 6283.7
9, 6284
58, 6284.2
19, 6284.3
44, 6286.1
20, 6287.9
49, 6288.2
15, 6288.9
37, 6291.6
20, 6344.5
1, 6346.4
21, 6347.9
19, 6348.2
20, 6348.8
56, 6349.3
61, 6349.4
32, 6350.7
38, 6350.8
60, 6350.9
17, 6352.2
1, 6353
12, 6354.2
20, 6354.2
28, 6360.6
19, 6397.8
21, 6398.3
1, 6399.7
20, 6402.2
1, 6424.2
20, 6424.5
61, 6425
60, 6425.2
19, 6425.4
21, 6425.9
38, 6425.9
12, 6426.1
17, 6426.5
56, 6426.5
54, 6427.1
2, 6427.2
32, 6427.5
58, 6428
1, 6428.2
20, 6428.4
35, 6429
36, 6429
52, 6429
28, 6429.2
61, 6429.4
19, 6430
60, 6430.5
21, 6431.2
38, 6431.6
12, 6432
44, 6432.3
56, 6432.5
15, 6432.7
17, 6433.1
20, 6433.1
26, 6433.7
1, 6433.9
2, 6434.4
32, 6434.7
27, 6434.9
30, 6435.4
54, 6435.5
4, 6436.4
61, 6436.4
19, 6438.9
10, 6440.1
58, 6442.9
21, 6476.8
1, 6477.2
19, 6480.6
20, 6482.5
12, 6484
1, 6504
60, 6504.3
20, 6504.6
38, 6505.1
61, 6505.2
21, 6506.2
19, 6506.3
17, 6506.4
56, 6506.6
12, 6506.7
32, 6506.8
52, 6506.8
54, 6507.5
2, 6507.6
58, 6507.7
1, 6508
35, 6508.4
36, 6508.4
28, 6508.5
20, 6508.6
60, 6508.7
38, 6509.5
61, 6509.7
15, 6510.7
19, 6511.3
21, 6511.5
12, 6512.2
17, 6512.3
44, 6512.3
26, 6512.4
56, 6512.4
30, 6512.6
32, 6512.6
16, 6512.9
1, 6513
10, 6513.2
52, 6513.5
3, 6513.7
20, 6513.9
2, 6514.6
4, 6514.8
54, 6515.2
60, 6515.5
58, 6516.3
48, 6516.9
35, 6517.3
61, 6517.3
6, 6517.7
27, 6517.7
36, 6518.3
38, 6518.8
59, 6521.7
29, 6522.5
21, 6557.9
1, 6558.3
20, 6561
19, 6561.1
1, 6598.4
12, 6599.6
19, 6599.7
21, 6600
17, 6600.7
20, 6600.9
56, 6601
61, 6601.2
60, 6602.6
54, 6604.9
2, 6605.6
28, 6608.1
1, 6651.1
12, 6651.8
60, 6653
21, 6654
38, 6654
54, 6654
56, 6654
19, 6654.5
61, 6655.8
20, 6656.6
58, 6656.9
36, 6657.6
15, 6659.2
1, 6659.3
17, 6661.6
28, 6663
30, 6665.8
12, 6672
26, 6672.6
20, 6888
38, 6888
61, 6888.4
19, 6888.5
56, 6888.6
12, 6888.8
1, 6889.1
17, 6889.4
60, 6889.6
52, 6889.7
54, 6889.7
58, 6889.8
32, 6890
16, 6890.2
36, 6890.2
2, 6890.6
35, 6891.7
20, 6891.8
38, 6891.9
61, 6892.5
19, 6892.6
41, 6892.8
56, 6892.8
12, 6892.9
1, 6893.3
10, 6893.5
21, 6893.6
26, 6893.6
17, 6893.7
54, 6893.8
58, 6893.9
60, 6893.9
52, 6894
32, 6894.1
36, 6894.2
44, 6894.3
2, 6894.5
16, 6894.5
27, 6894.5
3, 6894.7
4, 6894.8
20, 6894.8
38, 6895.3
48, 6895.4
19, 6895.6
30, 6895.6
61, 6895.8
35, 6895.9
56, 6895.9
45, 6896
12, 6896.1
59, 6896.5
1, 6896.9
13, 6897.1
6, 6897.6
26, 6897.7
41, 6897.7
54, 6897.7
17, 6897.8
20, 6898.4
52, 6898.4
58, 6898.4
60, 6898.4
10, 6898.5
36, 6898.6
2, 6898.7
32, 6898.8
55, 6898.8
21, 6898.9
14, 6899
16, 6899.4
53, 6899.4
38, 6899.5
19, 6899.7
44, 6899.7
4, 6899.8
61, 6899.8
43, 6899.9
8, 6900
56, 6900
12, 6900.1
3, 6900.4
15, 6900.5
22, 6900.5
27, 6900.5
1, 6901.1
5, 6901.2
48, 6901.3
34, 6901.5
46, 6901.9
37, 6902
35, 6902.2
49, 6902.2
20, 6902.9
51, 6903.3
26, 6903.7
2, 6904.2
6, 6904.8
17, 6905
30, 6905
59, 6905.9
10, 6906.5
32, 6906.8
47, 6907.1
58, 6908.7
57, 6909
45, 6909.7
19, 6909.9
9, 6912
44, 6915.7
20, 6948.2
20, 6969.6
56, 6970.6
38, 6972.5
19, 6973.8
20, 6974
61, 6974.2
1, 6974.7
56, 6975.2
32, 6975.5
36, 6976
17, 6976.8
12, 6977.9
35, 6979.5
20, 6979.7
38, 6980.9
20, 7020.9
19, 7021.6
61, 7022.7
1, 7025.5
20, 7049.5
56, 7049.5
38, 7049.6
19, 7050.4
61, 7050.5
12, 7050.8
1, 7050.9
17, 7051.4
54, 7051.5
32, 7052
36, 7052
58, 7052.2
2, 7052.4
60, 7052.4
16, 7052.7
20, 7053.3
35, 7053.5
56, 7053.6
21, 7053.9
52, 7053.9
38, 7054.2
19, 7054.8
41, 7055
61, 7055.4
12, 7056
1, 7056.3
17, 7057.8
44, 7057.8
26, 7058.1
36, 7058.4
54, 7058.4
20, 7058.5
32, 7058.5
56, 7058.9
2, 7059
27, 7059.3
4, 7059.4
58, 7060
16, 7060.6
10, 7061
48, 7061.6
35, 7062.4
1, 7062.5
19, 7062.8
60, 7063.2
38, 7064.2
6, 7065.4
21, 7071.3
20, 7099.2
20, 7129.6
38, 7129.6
56, 7129.8
61, 7130.5
19, 7130.8
1, 7131.2
12, 7131.2
17, 7131.4
32, 7132.3
36, 7132.3
58, 7132.6
60, 7132.6
2, 7132.7
16, 7132.9
54, 7133
52, 7133.1
20, 7133.5
38, 7134
56, 7134.1
35, 7134.5
61, 7135.2
19, 7135.8
41, 7136.4
12, 7136.5
21, 7136.6
1, 7136.7
17, 7137.1
44, 7137.5
20, 7138.6
36, 7138.8
32, 7139.2
26, 7139.5
2, 7139.6
56, 7139.7
58, 7140.1
10, 7140.6
4, 7141.3
16, 7141.5
38, 7141.7
60, 7142.5
54, 7143.6
1, 7143.9
59, 7146.7
3, 7146.8
61, 7148.1
20, 7180.2
19, 7184.5
20, 7222.8
19, 7223.6
12, 7223.8
61, 7223.8
17, 7224.3
38, 7224.9
1, 7225.4
32, 7226.9
56, 7227.1
58, 7227.2
2, 7227.4
60, 7227.7
52, 7228.2
54, 7228.9
20, 7233.4
35, 7236.7
12, 7276.5
19, 7276.5
17, 7277.6
61, 7277.6
20, 7278.7
54, 7278.7
56, 7279.7
2, 7280.1
1, 7281
38, 7281.1
36, 7281.8
12, 7285.7
21, 7286.2
19, 7286.3
58, 7288.6
26, 7289.1
38, 7512.5
19, 7513.5
36, 7513.9
58, 7513.9
1, 7514
20, 7514.3
60, 7514.5
54, 7514.7
52, 7514.8
35, 7515
16, 7515.1
26, 7515.5
12, 7515.7
4, 7516
38, 7516
61, 7516.1
32, 7516.2
56, 7517.3
19, 7517.7
41, 7517.8
36, 7518.1
1, 7518.2
21, 7518.3
53, 7518.4
58, 7518.4
20, 7518.5
54, 7518.8
52, 7518.9
60, 7518.9
30, 7519
38, 7519
17, 7519.1
26, 7519.3
35, 7519.3
16, 7519.4
12, 7519.5
27, 7519.5
44, 7519.5
3, 7519.8
4, 7519.8
61, 7520.2
32, 7520.6
46, 7520.6
34, 7520.8
19, 7521
56, 7521.5
36, 7521.6
59, 7521.6
1, 7521.7
58, 7522
28, 7522.2
13, 7522.4
20, 7522.4
38, 7522.5
41, 7522.7
54, 7522.9
21, 7523.1
26, 7523.1
0, 7523.3
60, 7523.3
12, 7523.4
6, 7523.5
45, 7523.5
52, 7523.5
53, 7523.6
4, 7523.8
35, 7523.8
2, 7523.9
30, 7523.9
55, 7523.9
17, 7524
16, 7524.3
15, 7524.7
44, 7524.8
61, 7525.1
19, 7525.2
27, 7525.2
3, 7525.3
5, 7525.4
8, 7525.4
1, 7525.7
33, 7525.8
46, 7526.4
32, 7526.6
36, 7526.7
22, 7526.8
58, 7527.3
34, 7527.5
37, 7527.5
20, 7527.6
38, 7527.9
28, 7528.4
49, 7528.4
56, 7528.9
57, 7528.9
47, 7529.6
21, 7529.9
26, 7530
0, 7530.3
2, 7530.6
59, 7530.8
10, 7531
54, 7531.7
19, 7532.6
4, 7532.7
53, 7533.2
6, 7533.3
35, 7533.5
8, 7535.6
44, 7537.7
20, 7575.5
38, 7595.5
19, 7597.5
20, 7597.8
36, 7598.5
38, 7600.4
1, 7600.8
35, 7601.3
32, 7602.2
20, 7605.1
56, 7605.4
19, 7605.5
36, 7613.2
19, 7649
38, 7649
20, 7652.6
1, 7652.9
38, 7674
36, 7675.8
19, 7675.9
58, 7675.9
1, 7676.1
35, 7676.8
20, 7677.1
54, 7677.2
16, 7677.3
60, 7677.4
38, 7678
4, 7678.5
32, 7678.5
12, 7678.6
26, 7678.6
61, 7678.8
56, 7678.9
52, 7679
21, 7679.8
41, 7680.1
36, 7680.9
19, 7681.2
58, 7681.4
17, 7681.6
1, 7682.1
53, 7682.9
35, 7683.1
44, 7683.1
20, 7684
38, 7684
4, 7685.2
26, 7685.3
0, 7685.6
16, 7685.7
28, 7686
54, 7686.4
27, 7686.5
12, 7687.4
30, 7687.9
56, 7688.4
60, 7688.9
34, 7689
1, 7689.2
19, 7726.3
38, 7727
20, 7731.5
38, 7753.9
36, 7755.4
19, 7755.7
58, 7755.9
1, 7756.4
35, 7757
20, 7757.2
54, 7757.3
60, 7757.4
52, 7757.6
16, 7757.8
32, 7757.8
38, 7757.9
61, 7758.2
4, 7758.6
26, 7758.6
12, 7758.8
56, 7759.8
41, 7760.1
36, 7760.2
19, 7760.3
21, 7760.3
17, 7761.2
58, 7761.4
53, 7761.5
1, 7762.2
35, 7763.1
44, 7763.1
38, 7763.3
20, 7764.1
30, 7764.4
26, 7764.7
54, 7764.7
4, 7765.2
46, 7765.2
27, 7766.1
3, 7766.3
60, 7766.5
32, 7766.6
0, 7766.9
52, 7766.9
12, 7767
16, 7767.1
61, 7767.6
28, 7768.5
36, 7769
59, 7769.2
1, 7769.3
19, 7769.9
34, 7770.6
6, 7775
38, 7807.4
19, 7809.6
20, 7811.5
38, 7848.4
19, 7848.9
1, 7850.1
20, 7850.6
54, 7850.9
60, 7851.5
52, 7852.8
16, 7854.5
32, 7854.6
36, 7856
12, 7856.8
61, 7859.1
19, 7901.5
1, 7902.6
38, 7902.8
20, 7903.1
54, 7903.3
60, 7903.5
52, 7904.1
58, 7904.7
12, 7905.8
35, 7906.9
32, 7907.1
61, 7907.5
21, 7908.6
19, 7911.4
17, 7914.3
26, 7917.9
38, 8137.4
36, 8138.8
58, 8138.9
1, 8139
20, 8139.3
56, 8139.5
16, 8140
35, 8140
26, 8140.5
12, 8140.6
4, 8140.7
38, 8141.2
32, 8141.3
52, 8142.2
19, 8143
36, 8143.1
21, 8143.2
58, 8143.2
1, 8143.3
20, 8143.4
30, 8143.8
56, 8143.8
17, 8143.9
38, 8144
35, 8144.2
16, 8144.4
41, 8144.4
26, 8144.5
44, 8144.5
12, 8144.6
4, 8144.7
27, 8144.7
2, 8144.8
32, 8145.5
34, 8145.6
46, 8145.6
47, 8145.6
60, 8146
28, 8146.7
36, 8146.7
59, 8146.8
1, 8147
58, 8147.1
52, 8147.2
13, 8147.3
31, 8147.5
19, 8147.7
20, 8147.7
38, 8147.7
56, 8147.7
0, 8148.3
21, 8148.3
54, 8148.4
61, 8148.7
6, 8148.9
30, 8148.9
12, 8149.1
18, 8149.1
35, 8149.1
17, 8149.2
26, 8149.4
4, 8149.6
2, 8149.7
15, 8149.8
29, 8149.8
55, 8150
45, 8150.3
16, 8150.4
44, 8150.6
27, 8150.9
47, 8151.2
36, 8151.3
1, 8151.4
5, 8151.8
58, 8152
19, 8152.3
46, 8152.4
32, 8152.5
34, 8152.6
38, 8152.6
8, 8152.8
41, 8153
57, 8153.1
33, 8153.3
37, 8153.6
56, 8153.7
20, 8154.4
22, 8154.5
21, 8154.9
26, 8155
49, 8155.2
2, 8155.6
54, 8155.6
4, 8155.9
53, 8156.1
6, 8156.2
28, 8156.3
40, 8156.3
61, 8156.4
10, 8156.5
12, 8156.6
17, 8157.1
35, 8158.4
0, 8158.7
30, 8162
20, 8199.8
38, 8200.3
38, 8220.6
20, 8222.5
36, 8223.4
56, 8223.5
1, 8225.6
38, 8225.6
35, 8226.5
32, 8226.8
20, 8229.4
58, 8231.8
56, 8233.8
36, 8235.9
38, 8270.9
1, 8274.7
20, 8278.1
38, 8299
36, 8300.7
1, 8300.8
58, 8301.1
56, 8301.5
35, 8301.6
20, 8302
16, 8302.1
26, 8302.7
38, 8302.9
4, 8303.1
12, 8303.4
32, 8303.4
19, 8304.3
21, 8304.8
36, 8305.9
1, 8306.3
44, 8306.3
56, 8306.6
58, 8307.1
35, 8308
41, 8308.1
52, 8308.3
17, 8308.7
27, 8309.3
38, 8309.3
20, 8309.4
2, 8309.5
28, 8310.4
47, 8310.7
34, 8311.7
16, 8312.2
30, 8312.2
26, 8312.3
1, 8312.5
0, 8313
12, 8314.5
4, 8315.6
19, 8320.3
38, 8349
36, 8353
20, 8353.3
38, 8378.9
56, 8381.1
58, 8381.1
1, 8381.3
36, 8381.3
35, 8382
20, 8382.4
38, 8382.7
16, 8383
32, 8383.2
26, 8383.4
4, 8383.9
12, 8384.1
21, 8385.3
19, 8385.8
56, 8386.2
52, 8386.8
58, 8386.8
36, 8386.9
1, 8387.3
44, 8387.5
17, 8387.7
38, 8388.3
41, 8388.6
35, 8388.8
30, 8389.9
2, 8390
46, 8390.4
20, 8390.6
27, 8390.7
47, 8391.3
6, 8392.1
34, 8394.9
1, 8395
28, 8396.1
0, 8396.2
59, 8396.2
12, 8396.5
26, 8398
4, 8398.8
38, 8429.7
20, 8434.3
36, 8435.4
38, 8472
1, 8474.7
58, 8474.7
20, 8475.3
36, 8475.6
35, 8476.8
16, 8477.2
32, 8478.1
26, 8478.6
19, 8480.6
38, 8480.6
12, 8481
38, 8526.4
1, 8527.5
20, 8527.9
16, 8529.9
12, 8531.1
32, 8531.7
36, 8532.3
52, 8532.6
56, 8532.6
58, 8533.9
21, 8534.9
19, 8541.2
38, 8762.4
36, 8763.1
1, 8763.9
20, 8764.3
58, 8764.7
16, 8764.9
35, 8764.9
4, 8765.7
38, 8766.1
56, 8766.7
36, 8767.3
32, 8767.8
21, 8767.9
1, 8768.1
20, 8768.6
29, 8768.6
17, 8768.7
30, 8768.8
58, 8768.9
35, 8769
38, 8769.1
44, 8769.1
16, 8769.2
52, 8769.2
2, 8769.6
41, 8769.6
19, 8769.9
4, 8770.1
47, 8770.4
36, 8770.5
60, 8770.6
56, 8770.7
34, 8770.8
46, 8770.8
28, 8771.4
59, 8771.8
1, 8771.9
31, 8771.9
21, 8772.6
38, 8772.6
27, 8772.7
13, 8772.8
20, 8772.9
54, 8773.2
0, 8773.4
61, 8773.4
32, 8773.5
58, 8773.5
35, 8773.6
22, 8773.7
30, 8773.9
11, 8774
36, 8774.2
17, 8774.5
16, 8774.6
29, 8774.7
4, 8774.8
12, 8774.8
18, 8775
44, 8775
19, 8775.2
2, 8775.3
26, 8775.5
45, 8775.9
1, 8776.1
52, 8776.2
56, 8776.2
40, 8776.4
46, 8776.7
47, 8776.7
5, 8776.8
57, 8776.9
37, 8777.4
34, 8777.6
38, 8777.7
41, 8777.8
33, 8778.3
49, 8778.9
61, 8778.9
20, 8779
21, 8779
22, 8779.2
54, 8779.4
26, 8779.8
53, 8780
28, 8780.1
6, 8780.2
19, 8780.5
27, 8780.6
24, 8780.7
32, 8780.7
4, 8780.8
10, 8780.8
58, 8780.8
36, 8781
12, 8781.2
60, 8781.3
17, 8781.5
2, 8781.6
55, 8781.8
35, 8782
40, 8782.2
31, 8782.8
44, 8783.8
11, 8783.9
47, 8784.1
5, 8784.7
46, 8785
0, 8785.6
49, 8787.5
26, 8788.6
19, 8788.9
6, 8790.3
61, 8791
48, 8791.2
30, 8792.1
33, 8794.1
38, 8823.2
20, 8824.8
38, 8845.6
36, 8846.6
20, 8847.4
1, 8850.4
38, 8850.6
35, 8850.8
36, 8853.4
56, 8853.6
20, 8854
38, 8895.6
20, 8901.6
38, 8924.4
36, 8924.7
1, 8924.9
35, 8926.8
20, 8926.9
44, 8927.5
58, 8927.5
16, 8927.7
38, 8928.5
56, 8929
36, 8929.1
4, 8929.4
1, 8929.8
21, 8929.9
32, 8931.1
35, 8933.8
20, 8934.1
2, 8935.1
1, 8935.7
44, 8935.7
38, 8936.8
36, 8937.1
28, 8937.4
19, 8937.5
58, 8939.3
56, 8940.6
17, 8941.2
41, 8942.7
38, 8973.3
20, 8978
38, 9003.8
36, 9004.6
1, 9005.8
20, 9006.9
35, 9007
16, 9007.4
38, 9007.6
58, 9007.6
4, 9007.8
36, 9008.9
56, 9009.6
32, 9009.9
21, 9010.1
1, 9011.1
34, 9011.6
47, 9011.6
19, 9011.9
44, 9011.9
41, 9012.5
30, 9013
38, 9013
20, 9013.4
29, 9013.6
35, 9013.6
17, 9014.1
36, 9015.4
2, 9015.6
46, 9015.6
1, 9017.9
52, 9018
58, 9018.2
0, 9018.4
4, 9018.6
27, 9018.6
16, 9018.8
44, 9018.8
28, 9024.7
19, 9025.5
13, 9033
38, 9054.3
20, 9058.4
36, 9063.9
38, 9096.6
1, 9099.4
20, 9100.1
36, 9100.2
35, 9100.5
58, 9101.3
16, 9102.7
38, 9103.9
4, 9108.7
38, 9150.3
1, 9152.1
36, 9152.6
20, 9152.9
58, 9153.6
35, 9153.8
16, 9154.5
38, 9156.5
21, 9157.3
32, 9158.5
4, 9160.1
30, 9167
38, 9388.3
36, 9388.6
20, 9389.3
35, 9389.8
4, 9390.9
31, 9391.3
56, 9391.3
2, 9391.5
16, 9391.9
58, 9392
38, 9392.6
36, 9392.8
21, 9393
29, 9393.1
20, 9393.9
35, 9394
30, 9394.1
44, 9394.2
52, 9394.4
19, 9394.6
22, 9394.9
41, 9395.3
1, 9395.5
56, 9395.5
4, 9395.6
2, 9395.7
31, 9395.7
28, 9396
46, 9396
32, 9396.3
60, 9396.3
38, 9396.4
36, 9396.5
47, 9396.5
34, 9396.6
23, 9396.7
58, 9396.7
16, 9397.5
0, 9398
21, 9398.1
20, 9398.7
35, 9398.9
22, 9399
61, 9399
29, 9399.1
30, 9399.6
19, 9400.2
44, 9400.4
12, 9400.5
45, 9400.7
1, 9400.8
2, 9400.8
4, 9400.8
26, 9400.8
36, 9400.9
52, 9401.1
18, 9401.2
38, 9401.3
56, 9401.3
31, 9401.4
46, 9401.6
37, 9402.8
5, 9403.1
22, 9403.2
58, 9403.3
32, 9403.4
40, 9403.6
41, 9403.6
47, 9403.7
21, 9403.8
34, 9403.8
16, 9404
49, 9404
33, 9404.5
28, 9404.6
61, 9404.8
60, 9405.1
19, 9405.4
20, 9405.5
0, 9405.6
53, 9405.8
17, 9406
23, 9406
26, 9406
27, 9406.5
10, 9406.6
12, 9406.7
30, 9407.3
35, 9407.6
4, 9407.9
6, 9408.2
24, 9408.7
1, 9409.4
11, 9409.6
46, 9410
44, 9410.1
54, 9410.1
55, 9410.4
2, 9412.1
40, 9412.2
5, 9413.5
33, 9420.1
20, 9450.5
38, 9472.3
20, 9472.8
36, 9473
35, 9476
56, 9478.3
20, 9480.1
38, 9481.9
36, 9484.9
38, 9550.4
36, 9551
20, 9551.4
35, 9551.9
4, 9553.4
56, 9553.8
2, 9555.2
21, 9555.3
38, 9555.6
36, 9557.2
44, 9557.3
20, 9558
19, 9558.3
41, 9558.8
58, 9559
31, 9559.3
35, 9560.3
1, 9565.2
44, 9565.5
38, 9598.6
36, 9600
20, 9601.6
35, 9604.2
4, 9609.2
56, 9613.3
38, 9629.7
36, 9630.4
20, 9631.8
35, 9632.4
2, 9632.6
16, 9633.1
31, 9633.1
58, 9633.1
4, 9633.5
21, 9633.8
38, 9633.9
29, 9634.3
56, 9634.3
30, 9634.6
44, 9635
36, 9635.2
19, 9635.8
52, 9635.8
1, 9636.2
28, 9636.8
22, 9636.9
47, 9636.9
41, 9637.5
34, 9637.7
32, 9638
46, 9638.3
20, 9638.5
2, 9639.1
35, 9639.7
31, 9640.2
60, 9641
38, 9641.7
23, 9642.7
36, 9642.8
22, 9642.9
1, 9643
0, 9643.1
58, 9643.4
4, 9643.8
44, 9644
16, 9644.1
19, 9644.1
21, 9645.3
30, 9645.3
61, 9645.9
56, 9648.8
26, 9649.9
46, 9649.9
12, 9652
47, 9657.2
38, 9683
20, 9683.2
36, 9689
38, 9723.5
36, 9725.3
20, 9725.5
35, 9725.9
38, 9776.4
20, 9778
35, 9778.7
36, 9780
4, 9780.4
58, 9781.1
16, 9783
21, 9785
