0.837500 0.937500 6.000000 
2.712500 0.937500 6.000000 
4.587500 0.937500 6.000000 
6.462500 0.937500 6.000000 
8.337500 0.937500 6.000000 
10.212500 0.937500 6.000000 
12.087500 0.937500 6.000000 
13.962500 0.937500 6.000000 
0.837500 2.812500 6.000000 
2.712500 2.812500 6.000000 
4.587500 2.812500 6.000000 
6.462500 2.812500 6.000000 
8.337500 2.812500 6.000000 
10.212500 2.812500 6.000000 
12.087500 2.812500 6.000000 
13.962500 2.812500 6.000000 
0.837500 4.687500 6.000000 
2.712500 4.687500 6.000000 
4.587500 4.687500 6.000000 
6.462500 4.687500 6.000000 
8.337500 4.687500 6.000000 
10.212500 4.687500 6.000000 
12.087500 4.687500 6.000000 
13.962500 4.687500 6.000000 
0.837500 6.562500 6.000000 
2.712500 6.562500 6.000000 
4.587500 6.562500 6.000000 
6.462500 6.562500 6.000000 
8.337500 6.562500 6.000000 
10.212500 6.562500 6.000000 
12.087500 6.562500 6.000000 
13.962500 6.562500 6.000000 
