113, 13.2
282, 15.9
16, 19.6
174, 25.6
104, 27.2
202, 29.3
234, 31.6
16, 42.4
54, 47
112, 47.6
353, 48.3
77, 48.8
210, 50.4
353, 56.2
116, 61.2
7, 67.5
16, 71.3
311, 95.6
120, 113.3
138, 114.3
51, 114.9
105, 124.9
194, 140.3
106, 145.6
49, 160.2
373, 160.6
79, 173.2
92, 173.5
182, 182.4
257, 183.3
125, 186.6
46, 196.5
206, 200.7
27, 216.6
142, 226.1
308, 239.6
272, 239.8
43, 240.9
61, 241.9
215, 244.5
270, 244.6
338, 255.2
56, 259.4
185, 263.8
259, 265.8
288, 271.8
89, 275.9
214, 291.2
379, 296.2
354, 303.1
247, 304.5
322, 308.9
240, 311.1
313, 317.7
145, 329.4
170, 337.8
55, 338.2
166, 346.1
370, 349.7
13, 359.6
307, 367.6
373, 375.1
49, 375.6
343, 379.6
344, 394
354, 395
60, 397.9
175, 397.9
153, 398.8
247, 408.4
8, 408.7
190, 409.9
363, 411
4, 419.3
22, 424.2
9, 427.3
21, 436.6
298, 440.3
124, 446.7
182, 446.9
368, 447.2
54, 453.4
320, 454.8
112, 455
326, 458.2
371, 469.6
202, 472.6
62, 474.8
151, 478.2
150, 480.4
116, 485.6
162, 486.5
73, 489.2
180, 489.6
241, 511.7
131, 514
112, 519.9
303, 546.6
268, 546.7
113, 561.5
233, 568.7
271, 573.6
58, 575.5
198, 580.4
148, 580.6
132, 590
73, 590.5
168, 591.6
211, 598.9
318, 603.8
92, 613.9
300, 619.8
383, 635.6
174, 641.4
179, 658.8
241, 660.5
97, 669
291, 676
74, 681.6
284, 686.7
138, 692.4
77, 694.1
299, 695.7
217, 700.5
214, 705.8
276, 708.9
166, 719.1
190, 721.4
293, 725.6
77, 735.1
284, 738.8
117, 752.7
264, 755.1
260, 760.6
216, 771.1
99, 784.2
97, 785
354, 789.3
310, 791
132, 798.8
173, 800.5
50, 801.1
361, 801.3
334, 813.4
34, 814.6
310, 828.1
182, 830.8
107, 832.2
140, 837.3
332, 844.5
294, 849.7
344, 851.1
136, 858.5
213, 863.6
356, 867.2
373, 867.5
240, 874.9
139, 875.8
190, 878.8
210, 892.5
173, 898.7
325, 906
48, 911
63, 917.7
283, 919.7
133, 926.3
345, 930.9
147, 950.2
86, 952.4
91, 952.5
325, 952.6
17, 964
222, 964.7
217, 967.9
157, 972.8
294, 975.3
73, 978.7
292, 984.3
68, 984.7
261, 989.5
272, 991.4
253, 996.3
157, 999.1
204, 1004.7
186, 1005.3
310, 1008.8
160, 1010.9
158, 1019.1
157, 1020.3
204, 1025.1
380, 1033.6
185, 1035.8
22, 1046
40, 1046.9
379, 1049.1
25, 1058.8
170, 1072.5
22, 1095.6
97, 1096.5
168, 1107.6
41, 1111.1
276, 1112.1
346, 1117.9
264, 1123.5
57, 1124.3
203, 1136.4
121, 1143
139, 1150.7
365, 1151.3
157, 1157.2
132, 1162.5
151, 1167.7
93, 1172
347, 1180.9
252, 1198.8
143, 1201.6
263, 1202.4
382, 1202.8
250, 1206.9
251, 1206.9
252, 1208.6
50, 1233.9
239, 1241.4
343, 1247.1
59, 1255.5
330, 1256.3
304, 1264.9
330, 1265.3
162, 1273.3
233, 1289
112, 1291.5
7, 1303.7
243, 1314.5
40, 1314.9
220, 1318.3
64, 1318.4
312, 1318.9
271, 1321.9
226, 1323.6
11, 1332.1
233, 1339.8
363, 1342.8
122, 1342.9
345, 1344.2
140, 1347.2
348, 1347.3
277, 1347.9
35, 1350.8
242, 1357.4
57, 1361.1
365, 1362.5
276, 1364.5
139, 1369.5
72, 1378.1
3, 1382.2
324, 1388.6
64, 1391.9
341, 1394.6
343, 1396.9
40, 1400.5
267, 1406.2
43, 1406.8
329, 1430
181, 1430.3
205, 1448
367, 1448
211, 1452.7
310, 1454
165, 1458.6
15, 1470.3
238, 1474.5
348, 1478.2
226, 1491.3
91, 1492.1
44, 1498.8
121, 1499.3
237, 1502.2
86, 1509.7
206, 1516.3
290, 1522.5
86, 1523.5
352, 1525.1
103, 1525.4
321, 1526
206, 1531.3
154, 1535.9
64, 1536.3
15, 1538.1
252, 1538.1
109, 1541.1
193, 1545.1
321, 1547.8
264, 1550
154, 1552.3
171, 1553.5
167, 1555
78, 1556.3
183, 1559.9
210, 1567.1
7, 1571.6
71, 1576.2
59, 1592.3
350, 1592.4
220, 1612.5
237, 1614.2
266, 1616.4
170, 1635.5
196, 1639.7
134, 1639.9
151, 1656.6
67, 1657.3
369, 1662
128, 1682.5
350, 1686
160, 1712.7
82, 1719.9
254, 1720.4
68, 1726.7
206, 1727.1
19, 1730.5
132, 1731.3
238, 1731.9
340, 1732.4
224, 1744.3
297, 1749.6
132, 1753.6
150, 1768.9
132, 1770.7
200, 1771.4
277, 1771.7
121, 1772.6
85, 1779.3
194, 1785.6
236, 1787.2
154, 1791.6
179, 1791.9
377, 1799.8
289, 1802.9
240, 1808
97, 1811.6
360, 1813.9
86, 1816.1
68, 1816.6
174, 1823.3
176, 1826.1
79, 1826.7
254, 1835
209, 1844.3
160, 1847.3
23, 1847.5
129, 1861.1
68, 1878.3
79, 1884.4
276, 1887.2
241, 1887.2
181, 1889.5
366, 1896.9
85, 1906.8
54, 1911.1
282, 1922.4
90, 1929.5
362, 1939.9
34, 1941.1
258, 1947.2
97, 1948.4
237, 1949.4
294, 1954.3
55, 1957.6
13, 1960.2
68, 1961.2
194, 1966.1
305, 1972.9
258, 1979.4
131, 1981.8
285, 1991.5
288, 2021.2
146, 2023.6
288, 2034.4
108, 2038
146, 2038.4
21, 2041.4
40, 2041.9
171, 2062.4
230, 2062.8
299, 2063.5
60, 2069
292, 2070
154, 2073.1
225, 2076.2
335, 2086.9
80, 2087.2
383, 2096
155, 2104.2
358, 2108.7
226, 2110.8
196, 2111.7
377, 2116.9
357, 2130.7
186, 2138.1
269, 2142.2
269, 2149.5
324, 2155.1
197, 2156.9
269, 2167
194, 2172.2
232, 2173.9
346, 2175.7
277, 2176.7
347, 2181.8
197, 2187.3
256, 2189.7
36, 2195.4
294, 2198.4
274, 2208.5
123, 2210.2
139, 2210.7
349, 2211.1
83, 2213.8
8, 2219
87, 2224.7
109, 2225.4
314, 2226.7
380, 2230.8
198, 2231
237, 2236.5
365, 2253.5
307, 2268.3
179, 2272.5
84, 2275.1
110, 2277
5, 2280.6
104, 2280.8
357, 2283.5
248, 2288.1
28, 2290.5
335, 2295.5
98, 2298.7
356, 2311
93, 2314.4
298, 2323.5
160, 2324.6
63, 2326.4
304, 2337.7
145, 2344.2
203, 2344.7
120, 2348.5
264, 2365.2
140, 2366.8
277, 2409
238, 2416.8
264, 2423
277, 2436.7
13, 2441.3
285, 2443.1
262, 2444.7
44, 2447.7
281, 2449.3
22, 2456.4
278, 2471.3
328, 2480.3
168, 2480.7
81, 2491.2
360, 2492.5
244, 2494.6
114, 2500.3
189, 2500.6
5, 2501.2
160, 2502.9
158, 2508.8
5, 2518.5
236, 2519.6
82, 2519.9
371, 2528.4
360, 2530.6
82, 2532.4
236, 2536.6
125, 2542.5
360, 2560.6
310, 2562.3
301, 2565.6
363, 2596.2
207, 2597
89, 2611.1
35, 2613.1
127, 2614.6
302, 2622.6
132, 2629
49, 2643.2
374, 2647.3
166, 2654.2
266, 2664.2
346, 2665.4
100, 2669.7
237, 2670.4
252, 2690.7
265, 2691.1
192, 2692.2
218, 2696.6
199, 2701.9
341, 2710.4
223, 2710.9
108, 2726.9
246, 2739.7
267, 2742.1
216, 2753.7
123, 2755.3
129, 2760.4
24, 2760.9
19, 2764.4
159, 2765.4
35, 2765.8
15, 2767.5
9, 2769.7
161, 2770.2
59, 2780.4
253, 2785.2
78, 2786.7
42, 2789.5
75, 2792.6
159, 2806.2
270, 2811.7
120, 2812.7
368, 2820.6
74, 2821.7
372, 2822.5
213, 2830.6
379, 2834.9
164, 2839.2
365, 2842.7
344, 2843.8
29, 2896.8
23, 2899.7
352, 2900.9
91, 2905.7
61, 2907.6
285, 2916.5
370, 2923.8
96, 2927.7
135, 2930.4
279, 2931.1
196, 2941.2
226, 2944.7
112, 2945
104, 2946.6
179, 2953.5
314, 2955
5, 2958.1
157, 2962.1
276, 2974.3
344, 2982.4
115, 2989.3
70, 2989.6
19, 2994.2
287, 2994.3
89, 2995.5
62, 2997.2
163, 3003.8
57, 3009.2
195, 3013.4
57, 3020.5
98, 3021
195, 3024.4
47, 3025.4
9, 3028.1
89, 3028.2
98, 3030.8
58, 3031.3
302, 3035
149, 3035.6
308, 3046
14, 3046.5
214, 3047.3
58, 3049.6
149, 3051.6
337, 3057.7
98, 3058.1
98, 3066.1
316, 3075.1
252, 3079.3
100, 3081
344, 3081.7
331, 3088.3
166, 3093.7
80, 3110.6
107, 3123.8
104, 3124.1
197, 3131.3
261, 3150.1
346, 3150.4
71, 3150.8
60, 3154
108, 3160.7
378, 3165.5
211, 3167.2
352, 3171.4
0, 3185.9
300, 3188.4
95, 3189.4
305, 3189.9
304, 3200.9
248, 3207.5
362, 3210.9
98, 3215.3
382, 3231.3
93, 3235.3
219, 3248.6
322, 3252.6
45, 3255.4
148, 3256.7
300, 3267
95, 3270.6
334, 3276.2
157, 3287.7
354, 3289.5
342, 3293.9
69, 3294.7
366, 3295.6
368, 3310.8
20, 3311.3
101, 3328.6
169, 3340.2
159, 3356.6
256, 3360.1
111, 3365.2
187, 3366.2
322, 3374.7
294, 3385.8
58, 3390.4
156, 3399.3
250, 3403.2
185, 3410.3
309, 3420.3
104, 3421.8
172, 3426.4
340, 3433.2
216, 3433.9
227, 3440.3
3, 3442.1
30, 3443.2
372, 3456.1
239, 3457.1
191, 3459.3
39, 3464.1
29, 3464.5
381, 3480.3
262, 3483.6
110, 3488.6
96, 3491.5
177, 3493.8
267, 3505.5
2, 3510.2
184, 3513.7
383, 3514.1
40, 3522.4
383, 3524.7
85, 3527.7
344, 3527.7
5, 3530.5
9, 3530.7
184, 3530.9
338, 3533.8
157, 3534.1
216, 3534.8
293, 3544.2
214, 3548.4
249, 3549
272, 3549.9
307, 3550.7
287, 3559
315, 3559.3
363, 3562.4
86, 3563.2
144, 3565.1
115, 3565.9
332, 3566.3
362, 3567.2
174, 3569.2
363, 3569.4
92, 3576.6
137, 3580.5
363, 3582.3
282, 3589
49, 3589.9
254, 3592.7
37, 3597.5
208, 3600.1
83, 3602.6
336, 3603.9
197, 3604.2
143, 3607.9
253, 3614.1
202, 3615.3
171, 3631
131, 3631.1
224, 3640.5
341, 3647.2
276, 3653.1
356, 3665.2
19, 3666.7
361, 3669.9
366, 3670.7
292, 3676.6
313, 3677.1
29, 3680.8
145, 3686.8
61, 3687.3
102, 3694.3
264, 3708.6
78, 3709.8
41, 3717.7
365, 3725.5
36, 3741.6
128, 3743.5
95, 3752.1
222, 3766.1
280, 3767.2
44, 3769.3
314, 3774.3
147, 3778.8
59, 3780.3
378, 3780.8
382, 3790.3
235, 3794.4
104, 3794.7
25, 3811.1
184, 3814.7
225, 3832.8
59, 3835.9
85, 3838.2
237, 3847
137, 3849.4
190, 3850.2
100, 3853.8
325, 3854.1
79, 3864.6
141, 3868.7
185, 3875.4
65, 3884.6
85, 3890
233, 3897.8
117, 3899.7
197, 3918.5
67, 3921.8
96, 3923.6
257, 3924.8
81, 3933.3
281, 3933.4
98, 3934.7
367, 3935
262, 3943.3
139, 3943.7
82, 3945.8
61, 3953.9
156, 3957.5
265, 3957.5
137, 3965.4
309, 3968.3
382, 3968.6
206, 3977
330, 3983
268, 3989.5
243, 3991.2
346, 3991.5
285, 3993.8
259, 3996.9
116, 3997.1
333, 3998.6
268, 4008.4
114, 4008.8
170, 4014
268, 4017.6
244, 4020
130, 4020.2
5, 4021.3
214, 4021.6
116, 4021.6
376, 4022.2
114, 4022.4
40, 4022.4
9, 4022.8
154, 4027.5
197, 4027.8
344, 4029.4
130, 4031.6
184, 4031.8
313, 4032.2
204, 4036.7
376, 4037.4
197, 4039.5
322, 4043.7
313, 4044.5
307, 4045
152, 4046.5
14, 4049
115, 4050.8
204, 4054.5
20, 4055.9
184, 4056.4
343, 4060.9
104, 4062.4
302, 4066.1
45, 4074.6
366, 4084.7
183, 4091
306, 4093.2
89, 4101.8
382, 4112.7
215, 4118
98, 4122.3
158, 4126
78, 4135.8
315, 4136.2
114, 4137.9
213, 4139.8
352, 4153.5
132, 4162
197, 4163.1
194, 4166.3
236, 4168
135, 4177.4
68, 4183.5
360, 4187.1
337, 4187.9
369, 4190.4
368, 4193.6
295, 4195.4
359, 4199.9
353, 4203.3
258, 4204.5
268, 4207.9
66, 4220.4
257, 4222.2
124, 4223.8
136, 4228.3
29, 4237.1
226, 4239.8
301, 4248.9
243, 4251.8
21, 4255.7
14, 4256.8
199, 4259.1
172, 4260.7
244, 4260.9
202, 4267.5
41, 4275.9
42, 4278.3
23, 4284.7
258, 4303.6
266, 4304.5
60, 4306.3
327, 4312.6
259, 4329.1
230, 4330.9
337, 4341.3
94, 4344
316, 4344.8
192, 4345.3
352, 4347.2
186, 4347.6
362, 4355.5
101, 4357.6
288, 4358.6
100, 4360.6
34, 4360.7
63, 4360.7
53, 4361.1
8, 4382.7
293, 4384.8
44, 4398.3
218, 4404.7
354, 4405.5
305, 4406.8
40, 4407.9
255, 4408
176, 4412.2
121, 4416.6
268, 4418.5
171, 4421.3
47, 4430.3
363, 4431.4
220, 4436.6
269, 4443.3
36, 4452.1
333, 4460.8
362, 4466.3
84, 4489
310, 4494.8
303, 4505.3
362, 4506.4
290, 4507.9
103, 4508.1
171, 4512.4
203, 4514.7
303, 4518.8
341, 4521.1
5, 4521.2
214, 4521.5
40, 4521.6
9, 4522.8
290, 4524.1
157, 4524.4
203, 4524.7
103, 4525.4
294, 4526.6
154, 4527.5
171, 4529.6
344, 4529.9
157, 4533.1
360, 4534.9
302, 4536.1
365, 4537.6
166, 4537.9
318, 4542.4
62, 4547.7
153, 4552.4
365, 4553.8
321, 4555.3
269, 4563.5
199, 4565.6
353, 4567.1
282, 4586.4
263, 4594.4
147, 4605.2
172, 4605.5
212, 4611.8
54, 4617.7
18, 4618.3
364, 4619.9
42, 4622.8
113, 4628.6
223, 4631
283, 4634
188, 4634.9
277, 4636.9
205, 4647
43, 4655.3
136, 4658.6
121, 4662.1
319, 4666.9
176, 4667.1
298, 4672.6
119, 4675.3
301, 4688.5
104, 4689.4
269, 4694.8
9, 4695.7
383, 4695.8
280, 4698.4
76, 4699.6
28, 4709
264, 4711.7
7, 4712.2
253, 4716.7
331, 4722.2
25, 4725.5
96, 4727.5
56, 4730.3
252, 4737.6
152, 4738.4
57, 4743.7
338, 4755.9
357, 4755.9
182, 4762.2
229, 4767.9
147, 4770.3
342, 4771.5
314, 4785.5
211, 4790.4
66, 4794.3
232, 4795.5
354, 4795.5
344, 4799
235, 4804.5
57, 4806.5
222, 4811.9
237, 4817.8
239, 4818.5
38, 4819.2
260, 4831
241, 4831.3
110, 4836.3
323, 4844.7
217, 4867.7
157, 4868
185, 4875.4
176, 4875.7
35, 4883.9
120, 4888.8
319, 4894.7
337, 4898.5
359, 4903.7
294, 4903.8
308, 4912.7
201, 4919
144, 4921.1
355, 4930.3
331, 4930.4
128, 4931.6
263, 4932.9
152, 4937.8
260, 4938.1
352, 4951.8
25, 4966.6
358, 4981.7
60, 4994.1
41, 4994.7
245, 4998.6
294, 4999.1
166, 4999.1
282, 4999.8
258, 5005.1
254, 5014.1
112, 5015.5
245, 5016.5
214, 5018.8
291, 5018.9
9, 5019.2
5, 5021.3
40, 5022.1
258, 5022.6
11, 5023.5
216, 5023.7
328, 5023.7
245, 5026.4
344, 5026.9
154, 5027.4
13, 5030.3
98, 5030.4
33, 5030.9
157, 5032.5
214, 5034.6
56, 5035.5
277, 5037.5
9, 5038.7
328, 5038.8
13, 5044.5
11, 5054.6
43, 5057.2
277, 5058.9
364, 5059.6
118, 5060.3
214, 5061.8
214, 5073
256, 5074.4
214, 5087
332, 5087
46, 5087.9
214, 5097.3
165, 5106.7
339, 5110.2
50, 5110.6
43, 5111.3
157, 5115.1
141, 5115.3
317, 5124.9
308, 5128.5
198, 5133.3
159, 5139.1
69, 5142.7
200, 5142.8
118, 5146.6
291, 5148.9
346, 5149.8
87, 5156.4
339, 5163.8
214, 5164.7
116, 5164.7
130, 5167
247, 5169.9
202, 5175.4
134, 5205.8
363, 5210.7
325, 5212
198, 5216.9
197, 5218.6
318, 5220.3
115, 5223.4
93, 5228.5
355, 5253.7
28, 5261.7
295, 5266.9
292, 5273
64, 5291.5
7, 5300.9
161, 5305.4
179, 5305.7
198, 5307.8
286, 5308.7
192, 5309.8
39, 5311.5
70, 5314.3
236, 5317
126, 5317.8
353, 5318
191, 5319.2
343, 5325.3
331, 5332.9
69, 5334.1
27, 5334.4
21, 5343.9
241, 5344.8
319, 5358
215, 5362.6
158, 5367.9
136, 5368.8
239, 5369.6
325, 5373.8
249, 5375
76, 5377.7
140, 5378.9
382, 5380.4
374, 5388.8
44, 5389
52, 5396.8
23, 5400
310, 5403.7
337, 5405.4
66, 5406.4
152, 5406.7
187, 5408.1
343, 5408.1
129, 5414
325, 5417.4
118, 5418.5
226, 5426.7
244, 5427.2
176, 5429.2
212, 5430.2
57, 5443.8
211, 5446.5
111, 5451.1
273, 5460
163, 5477
344, 5488.3
199, 5492.3
376, 5506.1
198, 5510.6
9, 5511.6
9, 5517.2
214, 5518.4
376, 5519
11, 5519.2
216, 5520.6
198, 5521.2
5, 5521.3
360, 5522.1
40, 5522.3
344, 5522.9
9, 5525.8
154, 5527.5
33, 5530.7
98, 5530.8
214, 5531.2
374, 5532.8
179, 5533.7
292, 5537.1
11, 5541.4
153, 5541.9
124, 5545.5
157, 5550.2
26, 5556
14, 5558
210, 5558.1
239, 5561.9
253, 5565.3
69, 5569.9
233, 5577.1
327, 5578.2
130, 5584.6
179, 5592.5
203, 5597.5
373, 5600.9
167, 5608.2
222, 5614.6
19, 5621.2
338, 5634
373, 5634.2
108, 5650.9
74, 5652
66, 5656.2
188, 5656.3
322, 5666.1
163, 5681.2
315, 5685.7
203, 5688.6
195, 5691.9
349, 5697.7
93, 5706.3
318, 5708.2
24, 5709.9
199, 5712.5
296, 5718.9
215, 5729.1
335, 5732.1
11, 5734.7
321, 5741
63, 5755.8
234, 5759.7
263, 5760.9
136, 5764.3
365, 5783
118, 5783.2
292, 5793.5
356, 5800.4
149, 5805.5
345, 5808.8
269, 5810
371, 5813.9
77, 5823.6
210, 5834.9
135, 5835.7
360, 5838.3
204, 5843.9
4, 5845.6
71, 5847
279, 5848
71, 5858.3
3, 5861.1
367, 5861.9
124, 5862.6
71, 5870.9
233, 5882
195, 5883.7
376, 5883.8
165, 5884.6
70, 5899.1
292, 5907
243, 5915.9
118, 5917.3
193, 5922.9
45, 5924.1
195, 5942.7
339, 5946.9
40, 5948.9
121, 5949.1
8, 5949.9
298, 5954.7
29, 5955.8
211, 5957.8
162, 5958.3
74, 5963
233, 5969.5
87, 5982.9
75, 5996.4
123, 6001.6
190, 6003
300, 6006.1
8, 6012.1
214, 6018.7
11, 6019
40, 6019.1
9, 6019.3
216, 6020.6
280, 6020.6
5, 6021.3
360, 6021.3
292, 6022.8
190, 6023.2
130, 6023.5
56, 6024.5
118, 6027.1
149, 6027.3
43, 6027.4
154, 6027.5
344, 6028.5
123, 6029.1
33, 6030.7
59, 6030.8
98, 6030.9
147, 6031.6
234, 6032.4
214, 6033.7
8, 6034.2
76, 6034.9
11, 6036.5
40, 6037.4
118, 6041.7
179, 6041.9
9, 6044.6
147, 6049.3
76, 6052.6
222, 6060.2
302, 6061
35, 6064.1
369, 6068.4
303, 6074.2
374, 6078.4
94, 6088.2
117, 6097
95, 6103.3
380, 6107
364, 6107.3
124, 6127.7
372, 6128
250, 6134.1
205, 6149.3
280, 6150.7
331, 6152.4
17, 6152.6
137, 6163.3
249, 6167.9
231, 6168.3
324, 6168.9
320, 6173.5
53, 6177.3
90, 6178.5
319, 6180.6
283, 6186
355, 6189.1
45, 6190.5
123, 6194.7
120, 6201.6
149, 6217.6
127, 6230.7
224, 6256.9
141, 6261.6
146, 6261.6
133, 6263.1
135, 6267.9
136, 6270.9
186, 6275.3
299, 6280.1
232, 6285.5
13, 6291.4
326, 6298.2
5, 6304.6
240, 6309.3
343, 6310.4
4, 6311
214, 6316
243, 6316.3
66, 6318.7
170, 6321.4
347, 6321.9
268, 6332.4
23, 6337.5
250, 6345.7
352, 6345.9
125, 6347.7
226, 6349.9
336, 6350.5
348, 6352
24, 6354.6
131, 6361.4
323, 6363.7
356, 6365.2
295, 6382.5
47, 6397.4
274, 6404.8
198, 6406.1
293, 6413.4
292, 6415.9
329, 6418
229, 6426
234, 6441.5
254, 6443.5
70, 6462.3
130, 6462.6
178, 6462.9
52, 6476.6
125, 6480.6
54, 6481.6
307, 6490.6
295, 6499
11, 6517.7
164, 6518.2
214, 6518.4
360, 6518.9
40, 6519.2
9, 6519.4
216, 6520.6
5, 6520.7
153, 6523
292, 6523
130, 6523.1
56, 6524.5
232, 6525.6
154, 6527.5
149, 6527.5
43, 6527.6
11, 6528.2
88, 6528.7
344, 6529.6
105, 6529.7
33, 6530.7
59, 6530.7
98, 6530.9
214, 6531.2
234, 6532.3
164, 6534.9
81, 6535.6
360, 6536
302, 6536.3
232, 6539
40, 6543.1
119, 6544.4
101, 6549.6
309, 6552.2
374, 6552.9
107, 6555.2
81, 6556.1
251, 6557.4
367, 6562.3
119, 6566.1
110, 6572.8
266, 6575.8
205, 6577.4
1, 6587.3
218, 6587.8
224, 6596.6
127, 6597.7
105, 6611.6
179, 6618.5
371, 6620.8
72, 6624.4
108, 6625.8
91, 6627
195, 6627.6
383, 6628.2
249, 6628.4
344, 6636.1
308, 6645.3
180, 6651.3
127, 6655.5
33, 6657
326, 6664.8
50, 6669.9
171, 6683.1
62, 6685.1
159, 6692.5
377, 6727.1
10, 6732.4
254, 6738.3
129, 6757.4
289, 6761.5
168, 6765.6
252, 6770.6
235, 6787.2
55, 6792.1
327, 6798.2
183, 6799.1
2, 6802.6
260, 6811
375, 6817.2
127, 6818.7
242, 6821.8
148, 6825.1
34, 6829.6
107, 6838.3
140, 6849.5
297, 6858.2
116, 6876.4
301, 6884.2
175, 6885.1
109, 6892.3
87, 6894.9
381, 6894.9
6, 6906.9
85, 6910.2
9, 6912.1
104, 6920.6
53, 6921.7
134, 6926.6
99, 6929.7
203, 6937.5
322, 6944.7
114, 6945.2
107, 6953.9
78, 6960
381, 6969.3
267, 6977.3
163, 6980.6
130, 6983.1
157, 6986.2
100, 6993.9
24, 7004.1
32, 7008.7
122, 7014.9
0, 7015.7
383, 7017.6
11, 7017.7
214, 7018.7
360, 7018.9
87, 7019
9, 7019.1
40, 7019.3
208, 7020.5
216, 7020.6
5, 7021.1
130, 7021.7
153, 7023
0, 7023.6
292, 7023.8
56, 7024.5
24, 7025.1
100, 7025.4
122, 7027.2
157, 7027.3
154, 7027.5
105, 7027.7
43, 7027.7
383, 7027.8
344, 7027.8
33, 7028.1
286, 7028.2
11, 7028.3
87, 7028.3
88, 7028.6
149, 7030
59, 7030.7
98, 7031
208, 7032.3
214, 7033.7
168, 7034.1
9, 7036.4
360, 7036.7
286, 7041.8
14, 7042.4
343, 7044.9
179, 7045.4
105, 7045.9
234, 7047.6
117, 7050.3
220, 7051.3
355, 7056
340, 7056.9
75, 7061.7
207, 7074
348, 7087.2
111, 7087.3
275, 7094.7
254, 7103.4
37, 7115.3
58, 7118
2, 7121.3
331, 7124.6
204, 7129.9
211, 7137.9
129, 7140.5
53, 7152.9
328, 7162.4
208, 7162.8
59, 7170.2
277, 7185.8
164, 7194.9
20, 7195.6
217, 7203.2
243, 7205
330, 7206.7
36, 7217.7
126, 7221.7
339, 7225.3
286, 7228.7
52, 7230.2
18, 7244.3
159, 7246.2
225, 7255.7
314, 7257.1
168, 7277.1
76, 7278
118, 7278.9
330, 7281.5
185, 7286.4
377, 7298.6
135, 7304.5
77, 7310.7
193, 7313.1
10, 7314.4
160, 7325.1
196, 7326
87, 7328.9
146, 7336.7
61, 7339.7
66, 7342.6
276, 7346.1
39, 7354.9
75, 7356.2
327, 7360
316, 7366.1
383, 7366.5
132, 7369.1
358, 7374.9
286, 7375.9
137, 7386.9
211, 7388.2
41, 7388.9
19, 7392.2
26, 7396.4
99, 7405.5
310, 7407.5
193, 7407.7
236, 7425.4
206, 7430.5
378, 7431
242, 7444.8
76, 7444.9
83, 7447.7
372, 7451.7
121, 7455.9
334, 7460.6
111, 7462.4
85, 7463.2
283, 7469.8
13, 7477.8
214, 7488.2
260, 7505.7
355, 7508.4
324, 7508.7
345, 7515.4
324, 7517.1
214, 7517.3
11, 7517.7
260, 7517.8
360, 7518.9
9, 7519.3
40, 7519.3
216, 7520.6
5, 7521.2
355, 7521.5
105, 7522.3
153, 7523
169, 7523.3
182, 7523.6
130, 7523.6
292, 7524.2
56, 7524.5
345, 7526.5
359, 7526.7
285, 7526.8
154, 7527.5
43, 7527.7
59, 7528.1
11, 7528.3
214, 7528.3
88, 7528.6
155, 7529.1
191, 7529.3
344, 7529.5
33, 7530.1
149, 7530.7
98, 7531
134, 7533.1
168, 7533.1
360, 7536.7
305, 7537.9
157, 7538.6
359, 7538.6
330, 7540.4
43, 7543.7
260, 7544.5
9, 7545.1
324, 7545.2
157, 7550.5
220, 7550.6
292, 7557.3
168, 7557.5
18, 7560.5
272, 7564.7
243, 7569.6
227, 7578.6
2, 7594.8
188, 7595.4
78, 7596.2
77, 7601.1
245, 7606.4
199, 7608.5
71, 7610
341, 7611.9
109, 7615.7
74, 7617.9
151, 7619.7
360, 7621.5
221, 7627.8
351, 7632.8
312, 7641.4
293, 7642.2
29, 7662.2
55, 7670.5
5, 7671.6
178, 7673
11, 7679.8
259, 7680.2
236, 7684.7
59, 7686.5
377, 7692.2
64, 7695.3
195, 7695.4
204, 7698.5
283, 7699.7
128, 7703.6
232, 7706.7
148, 7708.9
51, 7709.1
314, 7720.1
167, 7721.1
344, 7732.3
183, 7735.3
225, 7740.9
131, 7748.6
306, 7766.7
266, 7768.6
222, 7785
278, 7786.5
206, 7788
314, 7789.2
81, 7797
375, 7809.9
171, 7816.5
242, 7827.6
363, 7830.4
28, 7830.6
347, 7834.1
25, 7839.1
2, 7850.4
101, 7865
179, 7869.3
138, 7873
177, 7874
67, 7876.6
301, 7879
313, 7889.2
356, 7891.9
337, 7897.4
170, 7924.8
161, 7929.5
257, 7936.5
381, 7937.8
60, 7950.4
381, 7953.9
38, 7954.9
169, 7957.1
25, 7958.3
132, 7965.1
285, 7965.9
381, 7967.9
186, 7970
287, 7973.5
95, 7974.9
383, 7978.4
3, 7983.5
149, 7993.3
227, 8002.1
367, 8003.9
88, 8004.2
180, 8009.2
245, 8009.4
309, 8011.6
240, 8014.2
88, 8016.7
11, 8017.6
13, 8018.2
367, 8018.2
180, 8018.5
214, 8018.6
360, 8018.7
5, 8018.8
40, 8019.3
9, 8019.4
106, 8019.5
149, 8020.4
216, 8020.6
153, 8021.6
334, 8022
169, 8022.5
245, 8022.6
105, 8022.7
182, 8023.6
292, 8023.8
309, 8023.9
130, 8024
56, 8024.5
285, 8025.2
240, 8025.6
0, 8026.3
43, 8026.6
344, 8027.3
154, 8027.5
11, 8027.8
59, 8027.8
150, 8028.1
106, 8028.5
153, 8028.5
13, 8028.8
155, 8029
33, 8030.6
98, 8031
334, 8031.6
214, 8032.8
179, 8032.8
88, 8033.2
5, 8033.4
181, 8033.5
360, 8033.8
312, 8034.2
313, 8034.8
242, 8035.4
134, 8035.7
150, 8037.2
323, 8040.1
358, 8041.8
153, 8042.1
168, 8043
134, 8046.9
98, 8047.1
23, 8050.4
220, 8051.4
251, 8053.2
353, 8060.2
362, 8070.2
28, 8078.9
7, 8091.2
181, 8093.3
82, 8095
110, 8104
153, 8106.9
198, 8109.4
77, 8116.3
102, 8148.6
338, 8150.5
135, 8163.3
139, 8165.7
330, 8175.5
3, 8182.5
210, 8183.1
6, 8198
166, 8199.5
233, 8205.3
248, 8213.4
38, 8213.7
90, 8219.9
306, 8220.5
374, 8220.8
317, 8223.6
320, 8224
2, 8224.5
155, 8227.4
12, 8235.3
244, 8241.8
252, 8242.2
316, 8246.5
98, 8249.4
70, 8251.3
299, 8251.6
272, 8257.1
383, 8264.6
98, 8265.1
182, 8265.1
18, 8268.5
258, 8271
166, 8272.9
98, 8277.2
181, 8296.2
287, 8304.1
80, 8311.6
269, 8320
108, 8323.5
161, 8323.5
271, 8327.5
65, 8328.8
184, 8332
37, 8338.3
177, 8366.6
72, 8373
45, 8385.9
124, 8396.6
137, 8401
208, 8401.6
154, 8402.7
169, 8405.4
227, 8406.8
28, 8424.9
306, 8427.7
166, 8430.1
34, 8433
133, 8435.4
129, 8437.6
102, 8438.5
290, 8447.4
54, 8454
142, 8455.4
309, 8455.6
303, 8455.7
293, 8463.1
172, 8464.2
205, 8465.4
113, 8473.1
285, 8476.3
38, 8484
241, 8484
164, 8488.9
131, 8501.8
281, 8502.1
362, 8510.6
227, 8511.9
11, 8517.7
214, 8518.7
360, 8518.9
5, 8519
111, 8519.1
40, 8519.3
9, 8519.4
216, 8520.6
147, 8521.5
171, 8521.8
181, 8521.8
169, 8522.2
153, 8522.3
362, 8522.5
105, 8522.7
182, 8522.7
149, 8522.7
321, 8523.4
130, 8524
292, 8524.2
285, 8524.4
56, 8524.5
156, 8524.6
116, 8524.9
154, 8525.3
247, 8525.8
0, 8526.4
98, 8526.6
155, 8526.7
100, 8526.8
88, 8527.4
43, 8527.5
11, 8528.2
241, 8528.3
194, 8528.5
344, 8529.3
59, 8530
259, 8530.3
33, 8530.7
128, 8531.3
147, 8531.5
188, 8531.6
134, 8531.7
321, 8532
171, 8533.2
214, 8533.8
374, 8535.7
5, 8536.1
212, 8536.1
34, 8536.3
156, 8536.4
360, 8536.5
247, 8537
323, 8539.7
145, 8547.4
220, 8551
304, 8551.9
369, 8559.2
66, 8562.1
36, 8565.3
338, 8570.3
383, 8570.9
340, 8601.9
187, 8618.4
199, 8621.9
294, 8635.4
326, 8645.5
28, 8653.1
4, 8654
164, 8666.4
271, 8668.5
104, 8701.4
377, 8702.8
331, 8713.6
224, 8722.5
361, 8723.5
290, 8732.9
284, 8745.9
57, 8747.4
254, 8751.5
12, 8752.6
102, 8754.5
67, 8759.2
202, 8769.9
134, 8772.6
81, 8776
215, 8778.8
284, 8784.2
273, 8789.8
166, 8790.9
99, 8791.9
96, 8808.5
141, 8817.9
193, 8825.4
208, 8826.2
152, 8835.8
171, 8837.2
76, 8842.4
204, 8852.5
58, 8854.6
291, 8857
314, 8867.5
374, 8869.3
141, 8874.3
255, 8887.7
205, 8888.7
371, 8901
139, 8902.9
288, 8908
354, 8924.7
107, 8925
263, 8925.3
303, 8929.5
281, 8932
260, 8937.7
284, 8939.7
29, 8940.5
41, 8946.2
378, 8947.3
88, 8953.4
298, 8955.3
24, 8957.8
0, 8959.9
104, 8966.1
285, 8968.8
40, 8970.6
36, 8975.8
184, 8980.6
358, 8984.1
169, 8984.1
11, 9017.7
9, 9017.8
160, 9017.9
214, 9018.7
360, 9018.9
5, 9019
40, 9019
216, 9020.6
169, 9021
161, 9021.2
262, 9021.8
33, 9022
100, 9022
119, 9022.3
181, 9022.5
105, 9022.7
153, 9022.8
149, 9023
179, 9023.1
150, 9023.2
182, 9023.4
130, 9024
135, 9024.1
292, 9024.3
56, 9024.5
243, 9024.6
116, 9024.8
285, 9024.9
0, 9025
326, 9025.1
324, 9025.5
358, 9025.7
88, 9026.5
154, 9026.8
43, 9027.6
11, 9028.3
155, 9028.4
194, 9028.4
9, 9028.5
134, 9029.3
98, 9029.7
344, 9029.8
161, 9030.3
59, 9030.5
259, 9030.7
372, 9031
128, 9031.9
374, 9032.2
337, 9032.4
214, 9033.8
160, 9035.6
5, 9036.2
360, 9036.6
40, 9037.2
49, 9038.2
323, 9039.7
351, 9043.4
220, 9051
165, 9051.7
253, 9052.9
47, 9057.4
209, 9059.9
3, 9060.1
259, 9066
180, 9074.7
345, 9082.9
58, 9087
353, 9094.3
299, 9105
181, 9108.6
302, 9111.5
182, 9130.2
368, 9133.5
92, 9141.8
279, 9159.9
123, 9168
211, 9170.3
140, 9173.7
372, 9174.4
358, 9188.5
77, 9197
308, 9201.5
351, 9203.9
99, 9205.1
101, 9214.7
56, 9216.5
19, 9222.3
313, 9224.3
351, 9229.9
329, 9232
49, 9236.1
162, 9244.3
126, 9249.6
351, 9253.4
253, 9270.6
52, 9272
119, 9280.1
262, 9283.6
125, 9286.7
19, 9292.5
326, 9293.8
306, 9298.2
61, 9302.8
346, 9304.8
40, 9309.9
299, 9313.3
330, 9314.4
45, 9315.2
70, 9315.7
39, 9318.4
353, 9323.6
12, 9325.3
245, 9331.2
110, 9332.6
196, 9334.4
62, 9335
316, 9343.4
261, 9345
65, 9352.9
290, 9360.9
248, 9375
133, 9382.8
31, 9385.5
269, 9395.6
368, 9396.4
215, 9397.9
294, 9404.4
99, 9416.6
58, 9425.4
77, 9429.8
131, 9443.5
215, 9447.8
273, 9450.5
56, 9453
164, 9463.9
166, 9467.8
329, 9471.6
218, 9482
204, 9485.2
13, 9496.3
260, 9497.6
40, 9500.2
38, 9500.5
25, 9508.8
372, 9511.8
119, 9514.2
293, 9514.5
71, 9514.9
40, 9515.3
128, 9517.5
9, 9517.7
11, 9517.7
214, 9518.7
360, 9518.9
372, 9518.9
5, 9519
182, 9519.2
142, 9520
153, 9520
38, 9520.4
25, 9520.5
216, 9520.6
119, 9520.7
260, 9521.1
262, 9521.1
155, 9521.6
344, 9521.8
33, 9521.9
100, 9522
157, 9522.1
71, 9522.2
181, 9522.3
305, 9522.4
293, 9522.5
374, 9522.5
223, 9522.6
105, 9522.7
169, 9522.9
149, 9523.1
179, 9523.1
150, 9523.2
56, 9523.3
234, 9523.3
302, 9523.8
220, 9524
130, 9524
135, 9524.1
40, 9524.1
378, 9524.1
68, 9524.3
292, 9524.3
326, 9524.4
243, 9524.6
312, 9524.6
128, 9524.8
116, 9524.8
324, 9525.5
0, 9525.7
285, 9525.9
154, 9527.3
88, 9527.6
43, 9527.7
9, 9528.1
11, 9528.3
264, 9528.3
194, 9528.4
259, 9528.7
358, 9529.3
218, 9529.5
59, 9530.7
98, 9530.7
172, 9531.1
119, 9531.9
134, 9534
372, 9534.3
214, 9534.8
223, 9534.9
5, 9536.3
360, 9536.6
182, 9537.7
323, 9539.8
14, 9540.7
282, 9541.5
71, 9541.6
313, 9542.9
317, 9543.2
114, 9543.9
128, 9543.9
1, 9547.4
58, 9550.1
121, 9554.6
15, 9555.1
55, 9555.7
291, 9561.4
47, 9562.6
277, 9563.8
362, 9572.5
252, 9573.7
321, 9580.6
334, 9586.9
34, 9590.3
48, 9591.8
227, 9593
0, 9594.1
283, 9602.7
370, 9606.9
315, 9611.4
319, 9615.6
199, 9627.6
269, 9631.4
284, 9639
109, 9639.9
147, 9645.7
93, 9646.6
260, 9648.7
153, 9652.9
113, 9654.7
16, 9659.4
330, 9664.8
153, 9665.9
120, 9673.7
66, 9674.1
368, 9675.7
172, 9678.1
153, 9678.2
227, 9683.7
341, 9684.6
132, 9700
367, 9715
107, 9723.4
322, 9726.1
370, 9730.5
188, 9743.4
289, 9745.7
66, 9749
342, 9751.3
212, 9751.7
379, 9758.9
24, 9759.7
167, 9768.1
361, 9769.8
289, 9775.8
28, 9780.9
222, 9785.1
359, 9787.4
327, 9790.1
194, 9792.9
35, 9793.5
281, 9796.4
41, 9796.8
270, 9806.2
240, 9809.8
365, 9810.8
243, 9815.1
47, 9816.2
362, 9824.6
327, 9825.8
310, 9849.4
120, 9858.5
240, 9871.4
140, 9873.2
240, 9880.9
116, 9886.1
299, 9897.3
193, 9903.7
272, 9918.1
151, 9924.8
119, 9929.1
142, 9935.8
59, 9945.7
292, 9954.4
233, 9958.1
343, 9959.9
361, 9963.1
84, 9965
202, 9966.5
136, 9980.7
207, 9982.5
357, 9991.7
304, 10000.5
57, 10007.4
228, 10009.7
227, 10011.7
126, 10014.3
9, 10017.7
11, 10017.7
57, 10018.3
214, 10018.8
33, 10018.9
360, 10018.9
5, 10019
223, 10019.1
40, 10019.2
182, 10019.3
100, 10019.4
119, 10019.5
153, 10019.5
43, 10019.6
105, 10020.1
179, 10020.2
216, 10020.6
155, 10021.5
262, 10021.6
344, 10021.7
157, 10022.1
181, 10022.7
374, 10022.7
149, 10023.1
275, 10023.1
150, 10023.2
169, 10023.2
234, 10023.3
243, 10023.4
292, 10023.4
116, 10023.5
220, 10023.9
56, 10024
130, 10024
135, 10024.2
302, 10024.3
68, 10024.3
378, 10024.4
312, 10024.5
0, 10025.4
2, 10025.4
324, 10025.5
326, 10025.7
228, 10025.7
194, 10026.1
285, 10026.6
64, 10026.8
43, 10026.9
126, 10027.1
307, 10027.1
154, 10027.4
59, 10027.7
71, 10027.7
9, 10028.1
264, 10028.2
11, 10028.3
172, 10028.3
88, 10028.4
102, 10028.6
372, 10028.9
128, 10029.8
259, 10030.3
223, 10030.4
98, 10030.9
146, 10031
210, 10031.5
358, 10033.5
341, 10033.6
214, 10034.8
134, 10036.1
33, 10036.3
360, 10036.5
5, 10037.8
102, 10038
322, 10038.1
119, 10039.7
323, 10039.9
282, 10040.2
40, 10041.8
182, 10042.6
43, 10046.1
255, 10046.9
229, 10047.7
342, 10051.2
70, 10052.3
336, 10055.8
67, 10058.2
349, 10062
151, 10063.8
54, 10067.6
298, 10096.9
132, 10103.1
54, 10126.5
87, 10128.9
380, 10133.4
300, 10142.7
62, 10144.6
118, 10150
42, 10150.7
200, 10157.3
109, 10159
359, 10161.2
183, 10162.9
109, 10168.7
314, 10170.2
31, 10172.8
109, 10180.8
160, 10187.7
303, 10200.3
66, 10222.8
212, 10224.6
311, 10225.2
8, 10244.3
11, 10245.3
380, 10253.7
62, 10254.9
166, 10260.6
274, 10261.3
354, 10269.6
165, 10269.7
131, 10270.3
255, 10270.9
208, 10273.6
375, 10280.7
234, 10280.8
67, 10281.1
300, 10283
5, 10283.3
56, 10288.5
181, 10298.3
109, 10311
212, 10311.8
160, 10313.9
282, 10319.3
76, 10325.9
187, 10329.3
278, 10333.4
284, 10336.1
327, 10343.6
353, 10357.6
236, 10358.4
317, 10370.3
260, 10372.5
253, 10372.6
265, 10374.1
313, 10380.6
230, 10395.1
145, 10412.1
248, 10413.3
10, 10417.5
128, 10430
179, 10431.5
336, 10434.9
192, 10448
378, 10453.3
9, 10455.7
182, 10463.2
283, 10466.6
353, 10471
359, 10481.4
233, 10485.3
26, 10495.7
24, 10509
261, 10513
9, 10517.5
11, 10517.5
360, 10517.5
33, 10517.8
100, 10518.2
5, 10518.7
214, 10518.8
262, 10518.9
344, 10518.9
182, 10519.1
40, 10519.3
149, 10519.4
119, 10519.7
135, 10519.7
179, 10519.7
153, 10519.9
312, 10519.9
105, 10520.1
234, 10520.2
216, 10520.6
59, 10520.7
24, 10521.2
155, 10521.5
264, 10521.5
148, 10521.6
194, 10521.7
307, 10521.7
181, 10521.9
42, 10522
261, 10522
157, 10522.1
341, 10522.1
374, 10522.7
120, 10522.8
275, 10523.1
150, 10523.2
56, 10523.3
169, 10523.3
15, 10523.5
378, 10523.5
220, 10523.9
292, 10523.9
130, 10524
243, 10524.3
68, 10524.3
302, 10524.4
116, 10524.4
136, 10524.4
2, 10525.4
324, 10525.5
58, 10525.5
326, 10526
0, 10526.2
345, 10526.4
64, 10526.7
43, 10526.7
285, 10526.7
9, 10527.2
11, 10527.4
154, 10527.5
360, 10527.6
128, 10527.9
27, 10528.1
88, 10528.5
71, 10528.7
33, 10528.8
268, 10529.2
282, 10529.3
158, 10530.2
100, 10530.3
372, 10530.4
172, 10530.5
259, 10530.7
146, 10530.9
98, 10531
359, 10531.1
309, 10531.3
210, 10531.4
68, 10532
5, 10532.6
269, 10532.8
120, 10533.1
267, 10533.9
247, 10534.2
313, 10534.7
214, 10534.8
358, 10535
344, 10535.8
182, 10536.1
134, 10536.7
262, 10537.4
15, 10537.4
141, 10539.5
268, 10539.8
323, 10539.8
68, 10542.7
93, 10553.1
286, 10553.6
256, 10555.8
263, 10557.5
317, 10574.1
157, 10574.4
153, 10581.1
99, 10581.7
237, 10585.6
159, 10587
193, 10590.6
178, 10594.1
270, 10605.5
1, 10609.8
297, 10618.1
267, 10623.3
263, 10639.9
225, 10645
107, 10651.1
179, 10660.8
203, 10662.1
318, 10675.3
253, 10677.8
195, 10679.4
351, 10681.4
182, 10683
34, 10685.4
372, 10689.5
123, 10698.3
10, 10703.2
36, 10707.6
326, 10717.8
155, 10720.9
159, 10723.9
287, 10734.5
177, 10738
99, 10741.8
286, 10743.2
318, 10743.3
213, 10749.6
100, 10759.8
26, 10771.1
225, 10779
332, 10785
349, 10785.1
274, 10787.8
323, 10797.9
364, 10798.4
286, 10804.4
80, 10805.6
281, 10805.8
181, 10811.6
331, 10818.7
134, 10819
152, 10824.2
111, 10826.9
167, 10829.3
99, 10829.4
150, 10829.8
142, 10830
272, 10846.7
245, 10852.3
81, 10856.5
189, 10866.7
217, 10867
197, 10879.9
362, 10890.5
230, 10892.3
220, 10894.1
106, 10903.4
282, 10909.8
326, 10913.1
93, 10915.3
239, 10929.9
276, 10936.5
88, 10946.8
206, 10949.1
99, 10953.6
199, 10961.8
127, 10976.5
140, 10988.3
197, 10995.3
91, 11000.5
119, 11003.3
299, 11012.6
119, 11015.4
360, 11016.7
9, 11017.6
11, 11017.7
33, 11017.8
100, 11017.9
99, 11018.3
75, 11018.6
214, 11018.8
344, 11018.8
262, 11018.9
5, 11019
182, 11019.1
40, 11019.3
149, 11019.4
135, 11019.7
153, 11019.7
179, 11019.8
312, 11019.8
105, 11020.1
88, 11020.4
234, 11020.5
216, 11020.6
59, 11020.8
197, 11020.8
91, 11020.9
155, 11021
264, 11021.4
148, 11021.5
157, 11021.7
194, 11021.7
307, 11021.7
181, 11021.9
299, 11022
282, 11022.1
341, 11022.2
42, 11022.3
150, 11022.3
374, 11022.7
220, 11022.8
172, 11022.9
275, 11023.1
169, 11023.3
68, 11023.8
130, 11024
378, 11024
119, 11024.1
326, 11024.1
56, 11024.2
292, 11024.3
302, 11024.4
243, 11024.6
118, 11024.6
116, 11024.7
136, 11024.7
39, 11024.9
360, 11024.9
2, 11025.4
324, 11025.5
58, 11025.5
345, 11026.3
0, 11026.4
64, 11026.7
285, 11026.7
154, 11027.5
43, 11027.5
9, 11027.7
372, 11028
27, 11028
11, 11028.2
140, 11028.2
33, 11028.8
100, 11028.8
71, 11028.9
134, 11029.1
99, 11029.2
323, 11029.6
267, 11029.9
128, 11030.2
225, 11030.2
125, 11030.3
146, 11030.8
259, 11030.8
98, 11031
309, 11031.2
75, 11031.3
210, 11031.4
347, 11031.9
61, 11032.8
269, 11033.7
247, 11033.9
214, 11034.8
358, 11035.4
5, 11036
182, 11036.1
344, 11036.1
106, 11036.2
233, 11036.2
39, 11037.3
30, 11037.4
262, 11037.8
118, 11039.2
34, 11043
131, 11045.1
49, 11045.9
61, 11046.9
167, 11047.3
121, 11049.2
160, 11050.8
152, 11051.5
177, 11066.1
92, 11066.4
269, 11072.2
132, 11081
44, 11087.5
369, 11103.6
162, 11113.2
329, 11118.2
38, 11119.2
223, 11125.3
301, 11134.2
379, 11149
160, 11155
149, 11156.9
83, 11160.6
337, 11163.1
299, 11164.6
355, 11164.8
335, 11170
363, 11175.1
129, 11177.6
382, 11178.9
36, 11187.6
0, 11192.6
58, 11195.6
342, 11208.5
75, 11216.1
214, 11218.9
165, 11227.8
233, 11242.6
310, 11243.8
331, 11247.3
66, 11253.8
132, 11256.7
178, 11259.5
259, 11261.1
288, 11262
304, 11264.4
91, 11265.2
150, 11271
2, 11275.4
216, 11277.5
282, 11277.9
176, 11279.1
112, 11280.3
126, 11281.1
18, 11288.2
306, 11288.7
21, 11294.5
65, 11295
119, 11302.1
146, 11303.7
313, 11316.1
188, 11318.1
349, 11321.2
246, 11321.4
300, 11322.5
234, 11331
220, 11332.4
74, 11336
281, 11341.7
285, 11344.9
178, 11346.9
300, 11350
293, 11354.3
291, 11362.7
235, 11364.2
86, 11368.3
356, 11374.3
373, 11378.4
271, 11390.3
107, 11396.6
202, 11408.7
26, 11409.6
337, 11419.4
307, 11422.3
14, 11424.2
131, 11428
45, 11429.2
306, 11430.1
177, 11453.2
66, 11471.8
121, 11473.1
252, 11489.9
229, 11490.1
237, 11493.8
11, 11495.8
295, 11511.4
239, 11512.7
11, 11515.4
360, 11516.7
214, 11517.3
9, 11517.7
33, 11517.8
216, 11517.9
119, 11518
40, 11518
100, 11518.1
344, 11518.8
262, 11518.9
5, 11519
157, 11519
42, 11519.1
149, 11519.1
148, 11519.3
182, 11519.3
135, 11519.7
153, 11519.9
295, 11519.9
312, 11519.9
105, 11520.1
234, 11520.1
179, 11520.1
345, 11520.3
88, 11520.6
59, 11520.8
307, 11521
372, 11521
155, 11521.4
264, 11521.4
194, 11521.8
98, 11521.9
282, 11522
341, 11522.2
150, 11522.3
181, 11522.6
220, 11522.7
374, 11522.8
172, 11522.9
11, 11523
263, 11523.1
275, 11523.1
169, 11523.3
347, 11523.5
36, 11523.7
196, 11523.9
2, 11524
130, 11524
89, 11524.2
68, 11524.2
292, 11524.3
56, 11524.4
302, 11524.4
58, 11524.4
378, 11524.4
243, 11524.6
193, 11524.6
116, 11524.8
285, 11524.8
136, 11524.8
279, 11524.9
360, 11524.9
0, 11525.1
326, 11525.4
324, 11525.6
137, 11525.8
214, 11526.6
64, 11526.7
146, 11527.3
209, 11527.4
259, 11527.4
154, 11527.5
43, 11527.7
27, 11528
9, 11528.1
119, 11528.6
203, 11528.6
33, 11528.8
216, 11528.8
71, 11528.9
40, 11529.7
100, 11529.8
125, 11530.3
269, 11530.4
278, 11531
309, 11531.2
210, 11531.4
128, 11531.7
373, 11531.7
233, 11531.8
5, 11532.6
267, 11532.6
134, 11533.7
247, 11533.9
323, 11535.1
293, 11535.2
358, 11535.5
344, 11536.1
313, 11536.3
120, 11537.1
157, 11537.4
262, 11537.9
196, 11539.6
42, 11539.9
284, 11540.7
149, 11540.7
5, 11541.2
346, 11542.3
182, 11542.5
278, 11544.1
225, 11550.3
209, 11552.5
230, 11563
352, 11563
225, 11565.7
290, 11566.9
274, 11568.9
104, 11571.2
365, 11571.5
343, 11573.1
20, 11586.7
243, 11588.2
20, 11595.4
105, 11596.5
227, 11597.2
299, 11603.3
287, 11614.3
88, 11626.8
4, 11629.4
66, 11631.2
286, 11634.7
376, 11645.2
294, 11655.9
124, 11656
192, 11658.2
39, 11661.8
307, 11666.4
255, 11667.9
247, 11679.7
159, 11683.3
293, 11685.2
263, 11689.8
312, 11698.4
293, 11719.7
102, 11721.7
329, 11729.1
75, 11731
381, 11732.4
1, 11737.1
319, 11737.6
64, 11739.6
375, 11742.1
377, 11743.5
116, 11747.9
228, 11762.7
123, 11763
383, 11764.4
245, 11765.9
157, 11778.5
255, 11780.7
184, 11787.3
3, 11793.2
314, 11806.5
129, 11809.8
99, 11812.4
143, 11816.8
157, 11821.6
353, 11822.6
76, 11842
116, 11854.6
370, 11856.7
346, 11874
236, 11877.2
315, 11884.8
264, 11903.8
69, 11905.1
264, 11912.6
323, 11915.6
169, 11915.8
205, 11916.6
264, 11924.2
267, 11924.7
331, 11943.5
349, 11944.4
160, 11947.7
41, 11952.2
83, 11952.6
2, 11960.3
239, 11963.5
382, 11963.6
301, 11968.3
226, 11969.4
332, 11972.1
62, 11981.7
0, 11999.6
260, 12010.3
60, 12013.5
207, 12014.4
360, 12016.7
5, 12017.3
0, 12017.3
214, 12017.4
9, 12017.7
11, 12017.7
33, 12017.8
40, 12018
216, 12018.1
100, 12018.1
119, 12018.2
157, 12018.6
262, 12018.9
344, 12018.9
42, 12019
260, 12019.1
307, 12019.1
116, 12019.2
148, 12019.3
181, 12019.3
182, 12019.4
149, 12019.4
312, 12019.6
135, 12019.7
105, 12019.8
153, 12020
243, 12020
179, 12020.1
345, 12020.3
88, 12020.4
234, 12020.5
59, 12020.8
2, 12020.8
264, 12020.8
280, 12021
372, 12021
324, 12021.2
155, 12021.6
358, 12021.6
194, 12021.8
34, 12021.9
98, 12021.9
247, 12021.9
308, 12022.2
341, 12022.2
169, 12022.4
263, 12022.5
277, 12022.6
282, 12022.8
374, 12022.8
172, 12022.9
150, 12023
275, 12023.1
276, 12023.2
347, 12023.4
220, 12023.6
130, 12024
89, 12024.1
68, 12024.3
302, 12024.4
36, 12024.4
292, 12024.4
56, 12024.5
378, 12024.5
193, 12024.6
279, 12024.9
360, 12024.9
136, 12024.9
64, 12025.2
58, 12025.3
219, 12025.7
137, 12025.8
326, 12026
248, 12026.1
285, 12026.2
5, 12026.5
214, 12027.1
207, 12027.5
154, 12027.6
43, 12027.7
135, 12027.9
27, 12028
9, 12028.1
11, 12028.2
267, 12028.6
33, 12028.8
203, 12028.9
71, 12029
323, 12029.4
119, 12029.7
146, 12029.8
40, 12029.8
259, 12029.9
216, 12030
125, 12030.3
232, 12030.3
100, 12030.4
211, 12031.1
309, 12031.2
210, 12031.4
128, 12032.1
157, 12032.5
269, 12033.2
145, 12034.4
293, 12034.6
225, 12035.6
344, 12036.1
134, 12036.4
135, 12036.5
116, 12037.2
262, 12037.9
42, 12038.1
120, 12038.1
307, 12039.3
181, 12045.2
329, 12045.2
30, 12045.6
328, 12060.8
296, 12064.1
246, 12066.9
17, 12071.7
259, 12073.9
65, 12076.3
87, 12076.3
51, 12081.3
72, 12087.1
208, 12096.9
37, 12119.7
68, 12120.4
41, 12125.6
66, 12126.3
382, 12129.6
15, 12129.8
62, 12133.2
180, 12133.3
229, 12139.6
342, 12140.7
42, 12144.5
212, 12147.5
7, 12151.4
61, 12160.4
100, 12160.4
11, 12165.7
149, 12171.9
131, 12172.6
182, 12175.6
11, 12175.7
288, 12197.7
160, 12200.9
211, 12203.4
342, 12207.8
13, 12212
153, 12213.4
145, 12214.7
91, 12222.6
309, 12227.9
147, 12239.3
86, 12241.1
238, 12243.1
155, 12244
276, 12244.1
368, 12248.2
252, 12251.5
312, 12252.6
79, 12254.5
223, 12255.1
180, 12255.2
161, 12281.3
351, 12297.6
194, 12301.9
152, 12307.1
105, 12311.3
120, 12311.5
212, 12319.9
141, 12324.2
226, 12325.2
311, 12328.8
338, 12330.5
101, 12333.6
205, 12339
298, 12341.1
96, 12348.1
46, 12348.5
340, 12376.5
368, 12381.8
361, 12392
203, 12392.8
171, 12410.9
141, 12413.8
307, 12415.2
173, 12426.9
145, 12427.6
102, 12428.5
328, 12429.1
296, 12429.6
366, 12429.9
9, 12431.5
203, 12433.4
335, 12435.6
63, 12436.8
92, 12439.6
28, 12451.1
106, 12461.2
244, 12462.8
338, 12472.4
268, 12479
62, 12488.5
158, 12496.7
91, 12511.9
2, 12513.4
371, 12513.9
360, 12516.7
5, 12517.3
214, 12517.4
317, 12517.4
9, 12517.5
11, 12517.6
33, 12517.8
40, 12518
100, 12518
216, 12518.1
119, 12518.2
42, 12518.8
344, 12518.8
157, 12518.9
262, 12518.9
307, 12519
182, 12519.1
149, 12519.1
181, 12519.2
148, 12519.3
135, 12519.5
312, 12519.5
105, 12519.6
153, 12519.6
116, 12519.6
2, 12519.9
172, 12520.1
179, 12520.1
243, 12520.2
345, 12520.3
203, 12520.4
279, 12520.5
234, 12520.6
371, 12520.6
88, 12520.7
59, 12520.8
155, 12521
372, 12521
194, 12521.1
324, 12521.1
323, 12521.1
264, 12521.2
91, 12521.4
358, 12521.5
34, 12521.9
98, 12521.9
308, 12522.1
341, 12522.2
247, 12522.3
276, 12522.4
277, 12522.5
374, 12522.8
269, 12522.9
263, 12523
282, 12523
169, 12523
275, 12523.1
150, 12523.2
347, 12523.4
68, 12523.6
220, 12523.9
130, 12524
89, 12524.1
302, 12524.4
292, 12524.4
56, 12524.5
378, 12524.5
36, 12524.6
193, 12524.7
136, 12524.8
360, 12524.9
123, 12525
58, 12525.5
0, 12525.6
219, 12525.7
366, 12525.7
137, 12525.8
248, 12526.1
326, 12526.1
315, 12526.2
64, 12526.3
183, 12526.3
5, 12526.6
285, 12526.6
214, 12527.1
9, 12527.2
11, 12527.4
154, 12527.5
43, 12527.7
145, 12527.9
211, 12528
27, 12528
309, 12528
175, 12528.3
259, 12528.6
33, 12528.8
71, 12528.9
323, 12529
100, 12529.2
120, 12529.5
40, 12529.7
119, 12529.8
216, 12530.1
232, 12530.1
125, 12530.3
317, 12530.3
146, 12530.6
267, 12531.2
2, 12531.3
210, 12531.4
340, 12531.8
128, 12532.2
286, 12532.3
281, 12533
371, 12533.1
164, 12533.6
61, 12533.7
42, 12534.5
157, 12535.9
223, 12536
344, 12536
296, 12536.1
182, 12536.3
134, 12536.6
307, 12536.7
262, 12537.8
149, 12540.5
181, 12541
175, 12541.3
252, 12541.9
138, 12545.1
164, 12545.9
366, 12546.3
381, 12554.6
334, 12566.5
356, 12577
329, 12580.2
20, 12589.4
69, 12595.3
35, 12596.4
269, 12598.1
334, 12609.2
383, 12610
109, 12611.8
351, 12618.4
368, 12627.3
87, 12631.6
121, 12636.6
25, 12642.3
222, 12655.6
226, 12656.8
212, 12660.9
327, 12680.3
84, 12697.9
130, 12699.9
284, 12706.3
230, 12709
135, 12710.8
376, 12714
142, 12714.9
53, 12728.4
132, 12737.5
265, 12741.2
232, 12743.9
47, 12744.2
26, 12745.1
53, 12750.2
166, 12757.6
53, 12768
163, 12771.7
237, 12776
64, 12788.2
26, 12790.8
239, 12799.9
217, 12808.7
173, 12808.9
268, 12810.4
309, 12815.5
343, 12822.7
33, 12823.8
315, 12824.3
18, 12825.4
361, 12826.7
348, 12828.2
117, 12839.9
302, 12848.5
62, 12853.2
374, 12859.1
382, 12862.6
183, 12862.7
78, 12866
273, 12869.4
50, 12870.3
362, 12880.2
35, 12889.7
66, 12894.2
50, 12897.5
154, 12905.9
356, 12907.1
57, 12910.1
16, 12910.7
246, 12922.8
242, 12930.5
358, 12940
179, 12941.3
382, 12942.3
372, 12946.3
361, 12952.1
265, 12955.2
28, 12955.8
85, 12960.8
54, 12966.2
346, 12966.7
223, 12968.5
63, 12983.3
251, 12985.3
136, 12989.2
251, 12993.1
140, 12993.3
202, 12996
318, 12998.3
233, 12998.5
168, 13004.3
277, 13011.5
118, 13011.8
205, 13012.8
324, 13013.5
325, 13015.1
360, 13016.7
168, 13016.7
5, 13017.3
214, 13017.4
33, 13017.5
9, 13017.7
11, 13017.7
277, 13017.9
40, 13018
216, 13018.1
100, 13018.1
119, 13018.2
233, 13018.2
140, 13018.6
172, 13018.7
203, 13018.8
344, 13018.8
262, 13018.9
42, 13019
59, 13019
157, 13019
181, 13019.2
148, 13019.3
182, 13019.3
307, 13019.3
149, 13019.3
135, 13019.4
116, 13019.7
179, 13019.8
312, 13019.8
153, 13019.9
105, 13020
324, 13020
243, 13020.2
98, 13020.3
345, 13020.3
118, 13020.4
279, 13020.5
372, 13020.5
234, 13020.6
88, 13020.7
358, 13021
136, 13021
2, 13021.1
155, 13021.4
264, 13021.4
194, 13021.6
34, 13021.9
374, 13021.9
308, 13022.1
341, 13022.2
247, 13022.4
269, 13022.4
299, 13022.5
276, 13023
282, 13023
325, 13023
263, 13023.1
275, 13023.1
150, 13023.2
302, 13023.2
130, 13023.2
169, 13023.2
367, 13023.3
347, 13023.4
220, 13023.9
89, 13024.1
68, 13024.2
330, 13024.2
292, 13024.4
56, 13024.5
183, 13024.5
378, 13024.5
36, 13024.6
193, 13024.7
315, 13024.8
313, 13024.9
360, 13024.9
64, 13025
123, 13025.1
154, 13025.4
58, 13025.5
219, 13025.6
137, 13025.8
248, 13026.1
326, 13026.1
0, 13026.2
5, 13026.6
285, 13026.8
98, 13027
214, 13027.1
309, 13027.2
232, 13027.3
33, 13027.4
205, 13027.5
43, 13027.7
9, 13028.1
27, 13028.1
11, 13028.2
362, 13028.8
71, 13028.9
277, 13028.9
348, 13029
40, 13029.7
119, 13029.8
100, 13029.8
216, 13030.1
211, 13030.2
125, 13030.3
259, 13030.3
146, 13030.8
56, 13031.2
234, 13031.2
145, 13031.3
324, 13031.4
210, 13031.4
109, 13031.8
319, 13032.1
128, 13032.2
323, 13032.5
286, 13032.9
267, 13033.1
331, 13033.9
132, 13034.2
172, 13034.4
120, 13034.6
203, 13034.6
150, 13034.8
344, 13036.2
134, 13036.8
59, 13037
157, 13037.9
42, 13038
262, 13038
64, 13039.1
98, 13039.3
234, 13040.8
242, 13041.7
181, 13042.8
56, 13043.8
182, 13047.3
372, 13048.3
150, 13048.4
31, 13057.3
64, 13059.1
37, 13059.2
225, 13072
209, 13075.9
154, 13080.9
137, 13090.2
378, 13097.1
308, 13100.5
348, 13104.2
0, 13106
17, 13120
280, 13128.4
170, 13133.5
334, 13134.2
266, 13150.7
91, 13160.8
334, 13161
378, 13162.7
294, 13166.8
381, 13169.4
325, 13170.2
138, 13179.4
43, 13189.4
106, 13193.1
226, 13194.3
95, 13206.2
312, 13207.7
196, 13212.8
292, 13225.9
310, 13227.4
178, 13228.6
92, 13231.7
269, 13235.2
163, 13236.2
169, 13246.2
32, 13250.4
97, 13251
334, 13251.7
276, 13253.9
381, 13262
174, 13264
4, 13264.1
81, 13281.2
162, 13312.1
7, 13315.5
113, 13319
310, 13319.6
2, 13328.7
194, 13331.2
75, 13349.3
133, 13350.6
108, 13351.5
255, 13352
379, 13352.2
78, 13356.9
3, 13361.5
72, 13362.1
52, 13366.8
294, 13373.9
323, 13375
156, 13378.1
84, 13385.5
51, 13387.5
108, 13396.9
57, 13397.7
268, 13406.9
339, 13413.1
42, 13420.2
99, 13421.1
272, 13440.2
19, 13444.3
121, 13444.8
47, 13462.7
68, 13463.6
259, 13465.8
87, 13469.1
155, 13469.5
316, 13469.5
288, 13473.6
244, 13475.6
277, 13478
303, 13486.5
114, 13490
288, 13490
288, 13503.2
302, 13507.8
316, 13508.2
302, 13515.1
9, 13516.7
360, 13516.7
11, 13517
5, 13517.3
40, 13517.3
214, 13517.4
33, 13517.7
216, 13518.1
119, 13518.2
100, 13518.2
42, 13518.7
98, 13518.7
172, 13518.7
344, 13518.8
234, 13518.9
262, 13518.9
203, 13518.9
59, 13519
157, 13519
316, 13519.1
181, 13519.2
282, 13519.2
148, 13519.3
182, 13519.4
307, 13519.4
149, 13519.4
312, 13519.5
135, 13519.6
116, 13519.7
153, 13519.9
140, 13519.9
179, 13520
105, 13520.1
169, 13520.1
243, 13520.2
345, 13520.3
279, 13520.5
372, 13520.7
2, 13520.7
88, 13520.7
155, 13520.9
324, 13520.9
194, 13521.1
123, 13521.3
358, 13521.3
277, 13521.3
264, 13521.4
308, 13521.7
34, 13521.9
269, 13522.1
341, 13522.2
168, 13522.3
247, 13522.4
276, 13522.4
299, 13522.5
374, 13522.6
348, 13522.7
150, 13522.8
302, 13523.1
275, 13523.1
263, 13523.2
367, 13523.2
383, 13523.4
68, 13523.4
292, 13523.4
347, 13523.4
378, 13523.4
41, 13523.8
56, 13523.9
220, 13523.9
130, 13523.9
89, 13524.1
330, 13524.1
186, 13524.2
136, 13524.3
36, 13524.6
9, 13524.7
193, 13524.7
137, 13524.9
313, 13524.9
360, 13524.9
266, 13525
0, 13525.4
58, 13525.5
11, 13525.7
64, 13525.7
219, 13525.7
183, 13525.8
317, 13526
154, 13526.1
248, 13526.1
326, 13526.1
43, 13526.1
315, 13526.2
107, 13526.5
5, 13526.6
40, 13526.9
285, 13526.9
214, 13527.1
259, 13527.7
27, 13528.1
33, 13528.4
71, 13528.9
323, 13529.1
232, 13529.4
119, 13529.8
309, 13530
216, 13530.1
125, 13530.2
100, 13530.4
146, 13530.8
211, 13530.8
325, 13531.2
210, 13531.4
170, 13531.9
133, 13531.9
128, 13532.2
362, 13532.8
286, 13533.1
42, 13533.2
98, 13533.2
267, 13533.5
145, 13533.6
334, 13533.6
15, 13534
331, 13534.2
172, 13534.6
50, 13534.7
234, 13535.1
186, 13535.6
225, 13535.7
344, 13536.1
203, 13536.4
109, 13536.5
134, 13536.8
233, 13537.1
59, 13537.3
120, 13537.4
262, 13537.8
157, 13538.1
7, 13540.9
181, 13541.1
170, 13545.6
82, 13546.1
50, 13549.2
186, 13549.3
255, 13549.5
87, 13550.9
343, 13566.6
342, 13569.5
213, 13578.3
226, 13580.9
166, 13585.6
323, 13598.5
349, 13604.7
305, 13626.4
383, 13626.9
205, 13632
33, 13636.9
335, 13651.2
62, 13660.5
378, 13662.5
43, 13664
263, 13666.7
369, 13669.4
261, 13675.3
316, 13683.8
261, 13685.4
294, 13688
168, 13691.4
295, 13693.4
74, 13694.9
261, 13697.8
270, 13699.9
303, 13701.9
150, 13707.4
180, 13719.9
26, 13735
381, 13737.3
73, 13741.9
181, 13741.9
270, 13745.9
84, 13751.9
257, 13754.9
286, 13756.4
271, 13770.1
200, 13770.1
357, 13776.9
276, 13791.5
382, 13795.5
325, 13799.1
177, 13801.1
173, 13802.6
345, 13805.1
359, 13807.7
71, 13812.2
354, 13817.6
347, 13826.4
212, 13837.3
174, 13843.2
62, 13845
355, 13845.4
241, 13849.5
208, 13853.1
141, 13855.8
31, 13859.8
261, 13868.1
186, 13868.5
2, 13872.8
27, 13875.9
46, 13882.5
231, 13886.8
101, 13888.1
337, 13888.8
12, 13891
53, 13896
81, 13903.7
314, 13907.8
74, 13908.2
197, 13927
360, 13931.9
314, 13933.2
248, 13942
204, 13946.4
18, 13954.9
170, 13972.3
375, 13975.7
153, 13984.1
141, 13984.2
49, 13984.5
354, 13985.2
282, 13988.1
37, 13991.5
256, 13991.6
166, 13995.7
211, 13996
272, 13997.2
122, 13998.5
286, 13998.7
264, 14000.6
345, 14001.3
243, 14003.2
170, 14013.5
243, 14015.1
345, 14015.2
33, 14015.6
264, 14016.1
360, 14016.5
286, 14016.6
9, 14016.7
11, 14017
5, 14017.3
40, 14017.3
214, 14017.4
282, 14017.5
262, 14017.8
216, 14018.1
307, 14018.1
119, 14018.2
100, 14018.2
172, 14018.7
211, 14018.7
98, 14018.8
153, 14018.8
344, 14018.8
42, 14018.9
181, 14018.9
203, 14018.9
59, 14019
157, 14019
234, 14019
148, 14019.3
182, 14019.4
139, 14019.4
149, 14019.4
302, 14019.5
135, 14019.7
116, 14019.7
312, 14019.8
105, 14020.1
140, 14020.1
179, 14020.1
169, 14020.4
64, 14020.5
279, 14020.5
2, 14020.6
88, 14020.7
33, 14020.9
372, 14020.9
324, 14021.1
123, 14021.3
155, 14021.3
91, 14021.4
358, 14021.5
194, 14021.6
166, 14021.6
34, 14021.9
168, 14021.9
308, 14022
225, 14022
341, 14022.2
277, 14022.2
276, 14022.3
247, 14022.4
246, 14022.4
347, 14022.4
272, 14022.4
150, 14022.5
263, 14022.5
299, 14022.5
269, 14022.7
374, 14022.7
322, 14022.7
243, 14022.8
383, 14022.9
186, 14022.9
275, 14023.1
367, 14023.2
348, 14023.2
170, 14023.5
7, 14023.6
378, 14023.6
41, 14023.8
220, 14023.9
68, 14023.9
130, 14024
89, 14024.1
292, 14024.1
330, 14024.1
360, 14024.3
56, 14024.4
345, 14024.4
9, 14024.5
132, 14024.6
36, 14024.6
248, 14024.7
37, 14024.7
193, 14024.7
136, 14024.7
313, 14024.9
58, 14025.5
115, 14025.5
137, 14025.6
219, 14025.6
27, 14025.6
11, 14025.8
266, 14025.9
317, 14026
326, 14026.1
43, 14026.1
0, 14026.2
183, 14026.2
71, 14026.3
107, 14026.4
5, 14026.6
315, 14026.6
40, 14026.9
285, 14026.9
214, 14027.1
154, 14027.2
264, 14027.7
64, 14027.9
33, 14028.4
139, 14028.5
262, 14028.9
261, 14029
259, 14029.2
119, 14029.8
282, 14029.8
91, 14029.8
232, 14030
216, 14030.1
125, 14030.2
325, 14030.2
100, 14030.3
307, 14030.5
146, 14030.8
309, 14030.9
323, 14031.1
283, 14031.2
210, 14031.4
128, 14032.2
241, 14032.7
267, 14033.6
246, 14034.1
145, 14034.3
331, 14034.4
98, 14034.5
181, 14034.5
172, 14034.6
344, 14035
362, 14035.1
42, 14036.2
203, 14036.6
134, 14036.8
234, 14037
59, 14037.3
157, 14038.2
120, 14038.4
109, 14038.6
153, 14039.1
329, 14041.6
147, 14042.3
308, 14047.5
359, 14048.6
366, 14055.9
376, 14057.8
303, 14061
178, 14067.3
196, 14071.4
381, 14073.8
127, 14075.2
83, 14082.2
85, 14094.8
51, 14101.8
36, 14102
50, 14105.3
224, 14108.1
353, 14113.3
205, 14114.2
115, 14116.1
180, 14120.7
200, 14133.1
351, 14134.5
130, 14135.9
79, 14136.8
227, 14143.4
140, 14146.2
315, 14146.5
132, 14148.8
184, 14152.2
204, 14154.2
98, 14164
334, 14187.3
31, 14194.7
30, 14200.9
9, 14233.3
355, 14246.1
103, 14247.7
312, 14251.6
323, 14267.3
342, 14272.7
312, 14281
156, 14281.3
291, 14295.1
131, 14296.5
54, 14301
271, 14309
339, 14311.6
241, 14317.5
373, 14321.4
38, 14324.8
364, 14326.2
123, 14337.7
115, 14343.5
9, 14343.6
345, 14348.4
262, 14362.7
8, 14364.2
207, 14365.2
107, 14371.8
30, 14375.4
219, 14377.1
136, 14387.9
186, 14389.4
22, 14390.1
211, 14395
128, 14397
54, 14399.6
142, 14400.9
52, 14404.6
301, 14407.7
357, 14434.7
77, 14435.5
124, 14440.2
348, 14446.5
211, 14455.7
66, 14464
93, 14467.8
310, 14471.1
102, 14475.9
151, 14487.5
285, 14487.9
198, 14488.8
346, 14490.9
103, 14492.7
56, 14492.9
7, 14507
235, 14510.4
326, 14513.7
7, 14515.8
9, 14516.4
360, 14516.6
307, 14516.8
11, 14517
98, 14517.2
5, 14517.3
40, 14517.3
214, 14517.4
56, 14517.5
262, 14517.5
33, 14517.7
312, 14518
216, 14518.1
27, 14518.1
119, 14518.2
148, 14518.2
100, 14518.2
345, 14518.3
243, 14518.4
324, 14518.5
172, 14518.7
344, 14518.8
203, 14518.9
42, 14519
59, 14519
157, 14519
234, 14519
282, 14519
181, 14519.2
182, 14519.4
149, 14519.4
41, 14519.5
302, 14519.6
347, 14519.6
135, 14519.7
103, 14519.7
116, 14519.7
153, 14519.8
140, 14519.8
235, 14520
225, 14520
105, 14520.1
276, 14520.1
290, 14520.1
179, 14520.1
279, 14520.5
169, 14520.5
123, 14520.7
88, 14520.7
326, 14520.8
372, 14521
2, 14521.2
264, 14521.2
155, 14521.5
358, 14521.5
271, 14521.6
183, 14521.6
194, 14521.7
308, 14521.8
34, 14521.9
285, 14522.1
341, 14522.2
54, 14522.3
247, 14522.4
168, 14522.4
277, 14522.5
299, 14522.5
348, 14522.5
322, 14522.7
269, 14522.8
374, 14522.8
186, 14522.9
263, 14523
150, 14523.1
298, 14523.1
275, 14523.1
367, 14523.2
383, 14523.3
130, 14523.4
136, 14523.5
115, 14523.7
132, 14523.8
9, 14523.9
220, 14523.9
36, 14523.9
55, 14524
231, 14524
89, 14524.1
219, 14524.1
330, 14524.1
68, 14524.2
292, 14524.3
378, 14524.3
107, 14524.6
360, 14524.6
193, 14524.7
376, 14524.8
313, 14524.9
87, 14525
307, 14525.3
315, 14525.4
248, 14525.5
27, 14525.5
58, 14525.5
137, 14525.7
11, 14525.8
64, 14525.8
317, 14526
266, 14526.1
98, 14526.2
268, 14526.2
7, 14526.3
0, 14526.4
5, 14526.6
40, 14526.9
214, 14527.1
211, 14527.3
43, 14527.3
154, 14527.4
128, 14527.6
262, 14527.6
71, 14528.2
33, 14528.3
346, 14528.6
141, 14529
312, 14529.2
323, 14529.7
119, 14529.8
216, 14530.1
232, 14530.1
286, 14530.1
125, 14530.2
100, 14530.4
259, 14530.5
345, 14530.7
146, 14530.8
148, 14530.8
290, 14530.9
243, 14531.1
309, 14531.1
56, 14531.3
210, 14531.4
373, 14532.1
241, 14532.3
324, 14532.4
101, 14532.6
54, 14533.4
267, 14533.6
271, 14534.1
145, 14534.4
331, 14534.4
172, 14534.6
344, 14534.9
362, 14535.7
184, 14536.4
203, 14536.6
326, 14536.9
134, 14536.9
59, 14537.3
157, 14538.1
42, 14538.2
120, 14538.4
325, 14538.8
234, 14539
109, 14539.3
282, 14539.5
261, 14540.4
181, 14541.4
69, 14541.9
141, 14542.7
27, 14547.5
199, 14547.9
292, 14551.7
340, 14551.9
92, 14565.9
243, 14567.4
60, 14571.4
59, 14574.7
53, 14586.6
82, 14593.2
33, 14593.3
340, 14599.4
343, 14609.6
225, 14610.2
293, 14612.8
35, 14618.4
222, 14624.7
327, 14627.1
261, 14627.6
156, 14636.5
360, 14639.9
261, 14640.6
356, 14642.9
178, 14648.1
336, 14648.7
128, 14650.3
146, 14651.3
32, 14653.3
299, 14654.2
291, 14655.2
261, 14655.9
247, 14656
256, 14657.5
272, 14658.2
20, 14663.8
141, 14668.5
348, 14677.1
296, 14677.9
51, 14687.7
131, 14694.7
274, 14700.1
10, 14700.9
348, 14701.1
184, 14705.7
287, 14707.6
231, 14709.7
352, 14709.8
292, 14713.8
348, 14716.9
144, 14727.6
275, 14732.4
11, 14733
255, 14741.8
15, 14742.4
215, 14745.1
237, 14749.9
44, 14755.5
242, 14762.8
372, 14770.6
328, 14776.3
4, 14776.8
245, 14798.6
132, 14802
63, 14810.4
53, 14816.3
268, 14816.7
123, 14823
275, 14823.7
281, 14825
135, 14828.2
311, 14836.2
102, 14839.4
32, 14839.5
264, 14845.3
134, 14848.8
18, 14859.5
157, 14860.4
173, 14862.5
44, 14864.6
91, 14865.4
302, 14875.5
320, 14879.6
246, 14886.4
108, 14888.7
383, 14889.3
353, 14889.7
204, 14890.1
42, 14894
6, 14906.4
317, 14910
203, 14912.7
320, 14927
260, 14931.1
94, 14938.1
136, 14939.1
229, 14944.2
303, 14948
367, 14950.3
119, 14951.5
255, 14954.2
352, 14955.9
163, 14968.7
82, 14970.3
101, 14971.3
103, 14975.4
255, 14976.4
365, 14977.6
255, 14996.6
303, 14996.9
