37, 33.9
46, 169.5
49, 271.6
3, 280.1
3, 293.4
12, 399.7
28, 410.3
28, 424.1
18, 498
51, 523.7
38, 529.9
25, 535.7
28, 543.9
10, 612.9
20, 627.2
13, 641.3
20, 641.3
58, 675.9
52, 686.2
42, 693.2
52, 699
4, 700.1
6, 731.6
6, 745.2
13, 760.9
12, 819.6
12, 837.5
40, 972
45, 979.5
45, 991.3
40, 999.5
49, 1021.6
58, 1028.6
49, 1029.2
47, 1029.3
39, 1035
11, 1076.5
11, 1099.7
4, 1181.5
39, 1189.8
4, 1196.3
39, 1210.9
1, 1233.5
48, 1244.5
2, 1249.2
48, 1255.6
0, 1292
0, 1304.4
5, 1308.8
17, 1317.6
17, 1328
32, 1335.3
1, 1375
9, 1422.7
0, 1435.8
42, 1492.8
27, 1526.1
25, 1533.1
47, 1535.1
32, 1549.3
30, 1553.4
32, 1562.6
30, 1564.6
59, 1565.5
59, 1575.3
1, 1593.6
54, 1687.9
37, 1764.8
45, 1787.2
45, 1801.9
33, 1812.3
51, 1850.3
54, 1871.8
30, 1930.1
31, 1934.8
30, 1947.5
0, 1951.7
31, 1951.7
54, 1960.3
0, 1961.6
41, 1986.3
15, 2019.7
19, 2021.1
27, 2026.1
11, 2031.1
47, 2031.5
13, 2035.6
39, 2036.5
59, 2041
13, 2049.3
50, 2109.9
22, 2120.7
22, 2133.7
30, 2189.2
44, 2230.6
44, 2241.3
53, 2250.7
53, 2265.5
13, 2303.1
22, 2327.2
61, 2327.7
60, 2329.2
47, 2337.3
61, 2338.9
22, 2342.9
60, 2343
41, 2368.3
9, 2371
43, 2379.2
9, 2381.6
41, 2386.7
43, 2394.9
37, 2412.5
7, 2437.4
47, 2441
38, 2460.7
56, 2479.6
38, 2492.8
27, 2519.7
15, 2519.8
31, 2520.2
19, 2521.1
44, 2521.6
17, 2525.6
11, 2529.6
39, 2530.2
4, 2530.3
18, 2531.4
59, 2533.2
15, 2533.4
58, 2534
25, 2536.9
18, 2542.9
43, 2577.8
62, 2653.3
62, 2670.2
28, 2689
8, 2695
28, 2704.4
8, 2707.3
53, 2747.4
53, 2760.5
35, 2781.1
35, 2793.5
53, 2837.2
27, 2858.9
46, 2874.3
27, 2874.9
46, 2887.4
54, 3010.2
54, 3015.7
17, 3019.1
44, 3019.1
15, 3020.1
31, 3020.3
4, 3020.5
27, 3020.9
19, 3021.7
57, 3024.1
47, 3026.7
48, 3027.2
11, 3029.1
44, 3029.3
17, 3031.1
59, 3031.1
39, 3033.9
54, 3034.1
14, 3040.7
12, 3041.2
15, 3045.5
14, 3047.6
12, 3048.7
11, 3132
40, 3140.7
24, 3146
40, 3153.8
24, 3166.7
10, 3270.4
18, 3313.6
18, 3329.4
52, 3412.7
12, 3431.3
12, 3448.9
10, 3459.7
17, 3517.2
15, 3518.2
44, 3519.2
27, 3519.7
31, 3520.3
4, 3520.5
19, 3521.3
16, 3523.5
17, 3525.3
57, 3525.3
11, 3525.7
14, 3525.7
15, 3527.2
39, 3527.8
48, 3528.9
47, 3529
54, 3529.1
35, 3529.3
44, 3530.3
34, 3536
38, 3539.2
38, 3547
38, 3556.4
56, 3564
26, 3571.9
56, 3574.6
32, 3576.2
32, 3590.3
26, 3591.4
51, 3607.1
18, 3655
18, 3667.6
35, 3740
18, 3741.8
31, 3747.4
22, 3749.2
35, 3752.8
22, 3760.7
31, 3765.8
37, 3779.6
52, 3796
37, 3801.9
25, 3807.8
52, 3810.1
25, 3819.1
46, 3864.5
30, 3901.1
14, 3905.2
9, 3909.1
14, 3916.8
30, 3916.8
9, 3921.4
35, 4012.2
44, 4017.1
17, 4017.2
35, 4017.5
15, 4018.1
27, 4019.8
4, 4020.1
31, 4020.4
19, 4021.1
2, 4022
16, 4023.3
44, 4024.2
17, 4024.3
57, 4025
15, 4026.8
7, 4027.7
2, 4027.9
11, 4028.4
18, 4029.2
1, 4029.4
39, 4030.6
35, 4031
47, 4032.1
3, 4033.3
14, 4034
54, 4035.5
58, 4037.5
48, 4038.2
59, 4040.6
18, 4047.5
41, 4072.6
41, 4090.3
55, 4133
43, 4135
43, 4149.1
55, 4156.3
40, 4177.7
40, 4190.7
25, 4201.3
25, 4213.7
58, 4301.6
61, 4344
61, 4356.3
21, 4383.3
21, 4397.4
11, 4427.3
13, 4433.6
11, 4441.1
13, 4447.5
30, 4478.7
44, 4481.7
30, 4492.1
44, 4494.7
48, 4504.4
48, 4515.1
17, 4517.1
44, 4517.2
47, 4517.4
15, 4517.6
4, 4518
57, 4518
27, 4519.6
55, 4519.6
31, 4520.3
19, 4522.5
12, 4523.5
47, 4523.8
16, 4524.5
25, 4524.7
17, 4525.1
15, 4525.2
35, 4525.2
44, 4525.2
14, 4525.5
7, 4526.6
39, 4527.2
26, 4527.4
4, 4527.8
2, 4528.4
57, 4528.9
1, 4530.1
54, 4530.1
18, 4533
41, 4534.6
59, 4535.7
47, 4536.3
24, 4537.4
3, 4542.5
29, 4557.7
29, 4572.3
50, 4578
50, 4593.3
34, 4628.6
29, 4639.2
3, 4645.3
52, 4648.7
7, 4686.2
7, 4704.3
56, 4736.1
9, 4746.3
56, 4748.6
39, 4831.1
39, 4844.5
43, 4856.5
13, 4860.8
43, 4868.4
13, 4878.4
47, 4896.2
47, 4909.7
21, 4953.6
21, 4966.8
16, 4969.4
6, 4969.6
6, 4982.1
44, 5016.1
15, 5016.5
17, 5017.4
4, 5018
57, 5018.7
55, 5020.1
27, 5020.6
31, 5021.6
44, 5021.7
1, 5021.9
34, 5022.6
15, 5022.9
19, 5023.4
6, 5023.5
12, 5024.3
14, 5026.1
7, 5026.2
17, 5026.4
35, 5027.8
11, 5029.2
48, 5029.5
4, 5030
2, 5030.6
57, 5031.2
44, 5032.8
54, 5033.7
3, 5035.3
41, 5037.1
24, 5037.3
40, 5071.8
9, 5146.9
51, 5214.6
51, 5227.6
13, 5289.2
13, 5299.4
12, 5348.5
12, 5361.8
48, 5369.9
48, 5385.5
62, 5398.4
38, 5405.3
6, 5429.4
6, 5440.8
16, 5466.6
27, 5480.5
16, 5484.6
3, 5494.5
27, 5496.5
55, 5503.6
3, 5509.2
55, 5514.2
44, 5515.3
15, 5516.4
17, 5516.8
4, 5517.3
57, 5518.6
41, 5519.3
0, 5519.9
44, 5520.1
2, 5520.2
39, 5520.3
56, 5521.1
34, 5521.6
59, 5521.6
31, 5521.7
1, 5522.9
15, 5523
55, 5523.3
14, 5523.5
35, 5523.7
19, 5524.1
7, 5524.3
17, 5525.3
12, 5526.4
4, 5526.7
44, 5527.6
0, 5528.4
11, 5528.6
57, 5528.7
18, 5529.6
54, 5530.1
2, 5530.4
24, 5530.6
15, 5532
41, 5532
20, 5532.1
39, 5532.8
14, 5533.3
31, 5533.6
47, 5535.6
21, 5536.3
60, 5536.6
34, 5537.5
5, 5538.2
28, 5543.2
56, 5543.3
38, 5545.8
52, 5576.5
59, 5588.9
27, 5653.4
8, 5658.3
8, 5671.5
7, 5724.8
7, 5730.1
8, 5743
48, 5746.6
48, 5772.3
18, 5778.9
28, 5855.5
28, 5869
24, 5880.1
24, 5902.1
25, 5943
59, 5945.8
25, 5954.4
59, 5956.2
6, 6008.3
44, 6015.5
15, 6016.4
57, 6016.7
17, 6016.8
55, 6017.5
1, 6018.2
4, 6018.4
7, 6018.5
19, 6020
39, 6020
41, 6020.1
44, 6020.6
59, 6021
2, 6021.6
27, 6021.9
31, 6022.5
56, 6022.5
15, 6022.6
17, 6023.3
18, 6023.3
34, 6023.3
57, 6023.4
14, 6025.4
24, 6025.8
12, 6026.2
55, 6026.9
16, 6027
35, 6027.4
44, 6027.5
4, 6027.9
7, 6028
11, 6028.4
6, 6028.5
54, 6028.5
1, 6029.3
3, 6029.3
20, 6029.8
39, 6030.9
9, 6031.4
15, 6032
2, 6032.4
14, 6037
57, 6037.1
47, 6037.2
21, 6037.3
27, 6038.3
31, 6038.6
2, 6038.7
8, 6039
5, 6039.1
28, 6041.3
49, 6042.2
26, 6043.2
34, 6043.8
48, 6044.4
29, 6044.7
2, 6050.4
26, 6099.7
32, 6117.4
22, 6147.1
57, 6170.9
19, 6201.6
28, 6227.5
28, 6242.9
60, 6284.6
60, 6299
28, 6300.1
35, 6313.4
30, 6322.9
4, 6324.3
35, 6324.9
3, 6334.1
4, 6334.8
30, 6335.6
3, 6343.4
50, 6354.9
50, 6366.7
24, 6386.4
24, 6405.3
5, 6412.2
5, 6428.8
55, 6437.6
55, 6454.3
36, 6504.8
43, 6505
44, 6515.3
57, 6515.5
17, 6515.9
15, 6516.2
43, 6516.2
19, 6516.3
59, 6516.3
41, 6516.9
39, 6517.4
36, 6517.5
1, 6517.6
14, 6518.5
4, 6518.6
7, 6519
55, 6519.2
16, 6519.8
12, 6519.9
44, 6520.1
27, 6520.3
57, 6521
2, 6521.1
18, 6521.2
17, 6521.4
15, 6521.9
34, 6522.1
31, 6522.2
56, 6522.2
59, 6522.8
19, 6523.4
41, 6523.7
20, 6523.9
39, 6524.7
14, 6525
35, 6525.7
54, 6526
44, 6526.5
11, 6526.7
24, 6526.7
1, 6526.9
9, 6527
57, 6527.5
4, 6528.2
17, 6528.2
7, 6528.4
48, 6528.4
12, 6528.7
26, 6528.7
47, 6528.7
3, 6528.9
28, 6529.6
27, 6529.7
15, 6530.1
2, 6531.6
18, 6531.6
21, 6532.6
25, 6532.6
29, 6533.3
49, 6533.9
8, 6534.1
31, 6535.2
56, 6535.5
60, 6536.7
14, 6537.9
16, 6538.7
37, 6540.8
59, 6542.7
34, 6544.7
53, 6548.9
52, 6549.8
58, 6550.3
20, 6551.6
38, 6552.8
53, 6630.5
48, 6661.3
26, 6694.4
23, 6704.8
23, 6718.3
17, 6755.8
48, 6769.2
17, 6777.2
58, 6803.8
33, 6805.7
19, 6814.5
58, 6815.3
33, 6819.6
19, 6827.3
38, 6836.7
47, 6839.1
47, 6853.6
12, 6874.8
23, 6875.6
12, 6888.2
12, 6897.9
18, 6903.9
18, 6932.1
57, 6934.5
57, 6948.2
5, 6961.2
5, 6979.9
37, 6999
37, 7012.4
19, 7013.6
44, 7015.4
17, 7015.8
57, 7016.3
1, 7016.4
15, 7016.6
59, 7016.6
41, 7017.2
55, 7017.5
19, 7017.7
39, 7017.7
4, 7017.9
14, 7018.3
24, 7018.8
7, 7019
11, 7019.1
34, 7019.3
27, 7020
16, 7020.1
44, 7020.1
12, 7021.2
2, 7021.4
17, 7021.4
31, 7021.7
57, 7022.4
15, 7022.5
56, 7022.5
1, 7023.4
59, 7023.5
19, 7023.7
41, 7024.3
14, 7024.8
39, 7025.4
20, 7025.7
35, 7025.7
44, 7026.1
4, 7026.2
3, 7026.3
24, 7026.7
54, 7026.7
18, 7026.8
48, 7026.8
11, 7027
34, 7027
55, 7027.1
7, 7027.4
38, 7027.6
17, 7028
28, 7028
26, 7028.4
9, 7028.5
15, 7031
27, 7031
31, 7031.3
2, 7031.5
21, 7031.6
29, 7032.1
49, 7032.5
12, 7032.7
17, 7033
57, 7033.4
56, 7033.7
25, 7033.8
30, 7034
14, 7035.2
1, 7035.3
8, 7035.7
26, 7036.3
47, 7037
53, 7037.2
4, 7040.4
35, 7041
40, 7042.1
26, 7043.3
60, 7045.4
58, 7047.2
55, 7057.2
32, 7058.5
49, 7068.8
7, 7127.2
6, 7128.5
36, 7133.7
28, 7138
10, 7150.2
10, 7456.2
10, 7475
44, 7515.5
57, 7515.6
17, 7515.9
55, 7516.2
1, 7516.3
4, 7516.4
15, 7516.7
19, 7516.7
59, 7516.9
41, 7517.3
2, 7517.4
56, 7517.6
39, 7518.2
14, 7518.5
7, 7518.8
24, 7519
11, 7519.2
12, 7519.7
34, 7519.8
16, 7520.2
44, 7520.5
27, 7521
17, 7521.4
57, 7521.5
26, 7521.6
55, 7521.8
31, 7522.2
21, 7522.3
4, 7522.4
15, 7522.7
18, 7522.9
1, 7523.7
35, 7524.2
59, 7524.3
2, 7524.6
14, 7524.7
41, 7525.1
56, 7525.2
19, 7525.3
45, 7525.3
39, 7525.4
7, 7526
38, 7526.7
24, 7526.9
44, 7527.1
43, 7527.3
54, 7527.4
3, 7527.6
11, 7527.8
9, 7528.1
17, 7528.5
57, 7528.5
34, 7529.3
28, 7529.6
48, 7529.7
37, 7529.9
12, 7530.2
4, 7530.4
15, 7531.1
29, 7531.8
25, 7532.1
21, 7532.3
8, 7532.4
31, 7532.4
47, 7532.4
49, 7532.6
20, 7532.9
14, 7533.8
2, 7534.3
30, 7534.5
5, 7535
27, 7535.6
60, 7535.7
1, 7536
18, 7536
26, 7536.4
53, 7537
58, 7538.2
16, 7538.7
62, 7540.1
35, 7543
3, 7543.2
36, 7545.2
37, 7545.7
40, 7547.2
28, 7548.2
46, 7570
34, 7571.5
23, 7580.7
35, 7584.7
5, 7624.6
15, 7679.6
57, 7680.5
36, 7680.6
23, 7692.6
56, 7727.6
56, 7745.3
22, 7759.4
22, 7771.9
29, 7815.4
25, 7838.6
50, 7846.2
25, 7849.8
8, 7852.9
50, 7858.4
8, 7866.2
16, 7881.2
16, 7897.5
38, 7920.4
47, 7934.4
47, 7949.3
34, 7991.4
34, 8002.6
51, 8009
44, 8014.9
57, 8015.6
2, 8015.8
17, 8015.9
7, 8016.1
55, 8016.1
4, 8016.3
15, 8016.4
1, 8016.5
19, 8016.6
51, 8016.7
59, 8016.9
41, 8017.1
56, 8017.7
39, 8018.3
14, 8018.4
11, 8018.8
24, 8018.9
12, 8019
44, 8019.2
48, 8019.8
27, 8020.1
28, 8020.5
5, 8020.7
57, 8021
17, 8021.3
31, 8021.4
34, 8021.4
2, 8021.5
21, 8021.8
15, 8022
26, 8022
55, 8022
4, 8022.2
7, 8022.2
16, 8022.3
18, 8022.8
1, 8023.1
53, 8023.6
59, 8023.6
58, 8023.8
44, 8024.1
14, 8024.2
20, 8024.3
45, 8024.4
56, 8024.7
35, 8024.8
41, 8024.8
19, 8025
39, 8025.1
43, 8025.4
3, 8026.2
24, 8026.2
54, 8026.5
9, 8026.7
57, 8027
11, 8027.6
17, 8028.1
25, 8028.4
28, 8028.6
12, 8028.7
38, 8028.7
49, 8028.9
2, 8029
37, 8029
15, 8029.1
29, 8029.2
4, 8029.7
7, 8030
31, 8030
27, 8030.4
30, 8030.6
46, 8030.7
26, 8031.7
21, 8031.8
53, 8032.3
44, 8032.4
51, 8032.8
60, 8033.5
5, 8033.7
14, 8033.7
35, 8033.9
18, 8034.3
1, 8034.4
62, 8034.7
3, 8035.8
8, 8036.2
41, 8036.3
10, 8036.4
48, 8037
22, 8038.3
4, 8039.1
52, 8039.1
20, 8039.2
42, 8039.5
45, 8039.6
29, 8039.8
47, 8039.8
56, 8040.8
39, 8040.9
61, 8041.2
58, 8041.7
37, 8042.1
40, 8042.6
6, 8043.3
33, 8046.2
14, 8103.3
42, 8135.8
0, 8199.5
62, 8209.6
0, 8211.3
54, 8257.1
54, 8275.7
34, 8282.7
33, 8289.7
34, 8295
62, 8310.8
19, 8342.7
19, 8357.9
55, 8371.1
55, 8386.2
5, 8400.5
38, 8404
5, 8415.1
38, 8416
59, 8433.8
59, 8445.1
7, 8464.2
51, 8465.1
52, 8467.7
58, 8484.1
51, 8494.8
58, 8502.8
15, 8503.7
26, 8506.2
15, 8512.4
26, 8514.1
44, 8514.8
2, 8515.3
55, 8515.8
17, 8515.9
57, 8515.9
4, 8516
1, 8516.7
7, 8516.8
19, 8516.9
41, 8517.1
11, 8517.2
15, 8517.3
48, 8517.5
56, 8517.7
24, 8518.1
39, 8518.1
59, 8518.1
14, 8518.4
21, 8518.8
44, 8519.1
34, 8519.3
12, 8519.6
16, 8519.7
2, 8520.3
27, 8520.3
28, 8520.8
37, 8521
55, 8521
17, 8521.1
57, 8521.1
31, 8521.4
49, 8521.4
4, 8521.7
18, 8522.1
5, 8522.3
7, 8522.9
1, 8523.1
45, 8523.3
53, 8523.4
15, 8523.7
11, 8524.1
44, 8524.2
14, 8524.3
35, 8524.5
26, 8524.6
56, 8524.9
39, 8525
41, 8525
19, 8525.6
24, 8525.6
3, 8525.7
62, 8525.8
43, 8526.2
48, 8526.2
54, 8526.4
2, 8526.7
25, 8526.7
59, 8526.7
9, 8527.2
21, 8527.4
57, 8527.6
34, 8527.7
12, 8528.2
17, 8528.2
4, 8528.6
47, 8529.1
27, 8529.3
20, 8530
37, 8530
38, 8530.1
29, 8530.3
28, 8530.4
31, 8530.8
18, 8531.8
8, 8532
10, 8532.1
60, 8532.7
55, 8532.9
44, 8533
53, 8533
7, 8533.1
16, 8533.2
14, 8533.4
30, 8533.4
0, 8533.7
11, 8534.3
35, 8534.7
46, 8534.9
5, 8535.7
45, 8535.7
22, 8536.3
3, 8536.4
62, 8536.6
1, 8537
6, 8537.6
40, 8539.6
23, 8540.3
25, 8541.5
39, 8541.7
56, 8542
52, 8542.1
61, 8542.7
47, 8545.9
42, 8547.1
36, 8548.7
43, 8576.7
9, 8610.4
24, 8610.9
11, 8617.9
44, 8621.3
60, 8665.9
60, 8671.5
34, 8759.6
49, 8776.7
38, 8912.6
40, 8917
38, 8928.9
2, 9014.8
44, 9015
55, 9015.5
17, 9016
57, 9016
4, 9016.4
1, 9016.6
7, 9016.6
15, 9016.6
19, 9016.7
59, 9016.8
11, 9017.1
41, 9017.3
48, 9017.4
56, 9017.8
37, 9018.2
39, 9018.2
14, 9018.7
21, 9018.9
24, 9018.9
2, 9019.4
34, 9019.4
44, 9019.4
12, 9019.8
3, 9020.2
16, 9020.2
55, 9020.4
5, 9020.5
27, 9020.8
17, 9021.3
26, 9021.3
28, 9021.4
57, 9021.4
49, 9021.9
4, 9022
31, 9022
15, 9022.3
7, 9022.6
1, 9022.7
18, 9022.9
11, 9023.6
59, 9023.6
53, 9023.8
58, 9024
14, 9024.2
44, 9024.2
46, 9024.5
19, 9024.6
37, 9024.7
45, 9024.7
56, 9024.7
2, 9025
35, 9025.1
39, 9025.2
41, 9025.3
29, 9025.6
24, 9025.8
52, 9025.8
48, 9025.9
62, 9026.1
54, 9026.3
43, 9026.5
3, 9026.6
21, 9027
34, 9027.1
9, 9027.3
17, 9028
57, 9028.1
12, 9028.3
25, 9028.5
4, 9029.2
15, 9029.5
20, 9029.5
26, 9029.7
55, 9029.8
46, 9029.9
47, 9030.2
27, 9030.3
28, 9030.3
38, 9030.3
7, 9030.9
31, 9030.9
60, 9031.3
30, 9031.5
5, 9031.6
44, 9031.8
11, 9032.2
53, 9032.3
8, 9032.4
14, 9032.4
33, 9032.5
18, 9032.6
29, 9032.9
35, 9033.4
2, 9033.7
22, 9034.6
45, 9034.6
16, 9034.7
37, 9035.2
39, 9035.2
6, 9035.4
0, 9035.8
52, 9035.9
62, 9035.9
24, 9036
1, 9036.5
41, 9036.6
23, 9036.9
49, 9037.2
58, 9037.9
59, 9038
46, 9038.1
42, 9038.5
54, 9039.1
56, 9039.3
40, 9039.4
19, 9039.6
21, 9039.7
61, 9039.7
3, 9040.1
47, 9040.3
36, 9040.4
4, 9041.8
43, 9042
32, 9044.4
10, 9045.5
30, 9045.8
23, 9076.3
56, 9108
57, 9124.6
9, 9136.6
26, 9262
26, 9283.4
51, 9287.4
51, 9298.5
37, 9317.9
45, 9361.7
1, 9361.9
45, 9373.9
16, 9374.8
1, 9377.3
8, 9405.6
8, 9423.9
1, 9505
21, 9511.2
1, 9514.4
2, 9514.8
44, 9515
55, 9515.5
21, 9515.6
17, 9515.9
41, 9515.9
57, 9515.9
4, 9516.2
15, 9516.6
7, 9516.7
19, 9517
59, 9517
11, 9517.2
24, 9517.2
48, 9517.2
56, 9517.6
37, 9518
14, 9518.5
39, 9518.5
44, 9519.3
2, 9519.4
34, 9519.7
12, 9520
3, 9520.3
27, 9520.3
55, 9520.3
16, 9520.5
54, 9520.7
1, 9520.8
10, 9520.9
5, 9521
57, 9521.1
17, 9521.2
28, 9521.4
41, 9521.6
4, 9521.7
26, 9521.7
31, 9521.8
49, 9522
15, 9522.1
53, 9522.3
21, 9522.4
30, 9522.4
7, 9522.7
18, 9523
59, 9523.4
24, 9523.7
11, 9524
58, 9524
14, 9524.1
44, 9524.2
56, 9524.2
35, 9524.3
46, 9524.4
38, 9524.6
37, 9524.7
39, 9525
52, 9525.1
2, 9525.2
19, 9525.2
29, 9525.7
48, 9525.8
9, 9526.3
62, 9526.3
3, 9526.7
45, 9526.8
43, 9527.3
25, 9527.4
34, 9527.6
12, 9527.8
57, 9527.8
17, 9528
4, 9528.3
20, 9529.1
41, 9529.1
47, 9529.2
55, 9529.2
15, 9529.3
54, 9529.3
7, 9529.5
27, 9529.8
26, 9530.1
28, 9530.4
31, 9530.4
30, 9530.5
53, 9530.7
60, 9531.1
14, 9531.2
35, 9531.3
44, 9531.3
5, 9531.4
24, 9531.5
11, 9531.9
58, 9532
59, 9532
16, 9532.1
18, 9532.3
38, 9532.6
2, 9532.7
21, 9532.7
33, 9532.9
0, 9533.6
52, 9533.6
29, 9533.8
37, 9533.8
23, 9534.3
1, 9534.5
6, 9534.8
46, 9535
61, 9535
39, 9535.2
49, 9535.2
40, 9536.1
4, 9537.2
56, 9537.5
62, 9537.7
8, 9538
32, 9538.6
22, 9538.9
47, 9540
3, 9541.1
36, 9542.1
42, 9546.6
30, 9550.3
17, 9619.2
13, 9660.1
43, 9706.1
54, 9725.7
42, 9768.4
58, 9789.3
58, 9801.4
10, 9810.6
10, 9821.3
41, 9893.2
41, 9908.7
3, 9930.5
3, 9942.6
6, 10002.7
2, 10014.8
44, 10015
6, 10015.1
55, 10015.6
15, 10015.7
17, 10015.9
57, 10015.9
37, 10016.3
41, 10016.3
1, 10016.4
4, 10016.4
7, 10016.4
21, 10016.4
19, 10016.9
59, 10017
24, 10017.1
11, 10017.2
48, 10017.4
56, 10017.8
49, 10018
39, 10018.4
14, 10018.7
34, 10019.2
2, 10019.3
44, 10019.4
12, 10019.6
54, 10019.9
55, 10020.3
16, 10020.4
15, 10020.7
5, 10020.8
28, 10020.8
17, 10021.1
27, 10021.1
10, 10021.2
57, 10021.3
26, 10021.8
37, 10021.8
3, 10022.1
4, 10022.1
7, 10022.1
31, 10022.1
1, 10022.5
21, 10022.5
41, 10022.5
18, 10023
45, 10023.2
24, 10023.3
53, 10023.5
59, 10023.5
30, 10023.6
11, 10023.9
14, 10024.1
44, 10024.2
19, 10024.3
36, 10024.4
56, 10024.5
58, 10024.5
46, 10024.6
52, 10024.6
62, 10024.6
2, 10024.7
39, 10024.8
29, 10025.1
35, 10025.1
49, 10025.5
38, 10025.6
20, 10026
48, 10026
15, 10026.4
43, 10026.5
25, 10026.7
9, 10027
12, 10027
34, 10027
17, 10027.5
54, 10028
57, 10028
7, 10028.7
8, 10028.8
47, 10028.8
4, 10028.9
60, 10028.9
28, 10029
55, 10029
37, 10029.2
27, 10029.8
26, 10030.2
31, 10030.2
21, 10030.3
41, 10030.4
3, 10030.8
0, 10031
24, 10031.1
5, 10031.2
14, 10031.3
53, 10031.3
1, 10031.4
18, 10031.8
44, 10031.8
45, 10031.8
11, 10032.1
2, 10032.2
16, 10032.2
33, 10032.2
30, 10032.3
29, 10032.5
35, 10032.7
46, 10032.8
59, 10032.8
22, 10033.2
23, 10033.3
52, 10033.4
61, 10033.4
62, 10034
39, 10034.4
40, 10034.4
38, 10034.6
58, 10034.6
32, 10034.9
36, 10035.7
56, 10035.9
15, 10036.8
47, 10037.5
8, 10038
42, 10038
20, 10038.9
4, 10039.1
60, 10039.7
51, 10039.9
25, 10040
19, 10040.6
43, 10041
28, 10041.2
37, 10042.4
17, 10042.9
26, 10043.2
61, 10047.6
36, 10049.8
0, 10050.3
35, 10067.2
9, 10111.9
39, 10135.4
1, 10197.8
60, 10239.4
28, 10241.6
19, 10285.6
12, 10321.9
12, 10334.3
46, 10373
46, 10386.4
9, 10388.1
20, 10398.9
20, 10413.1
60, 10414
50, 10457.9
50, 10469.2
40, 10508.4
50, 10513.5
44, 10514.5
2, 10514.8
17, 10515.4
55, 10515.4
15, 10515.8
41, 10515.9
57, 10515.9
4, 10516.3
37, 10516.3
7, 10516.4
21, 10516.5
1, 10516.6
39, 10516.7
14, 10516.9
19, 10516.9
59, 10517
11, 10517.3
24, 10517.3
48, 10517.4
5, 10517.7
56, 10517.7
49, 10517.9
44, 10518.4
45, 10518.5
53, 10518.8
2, 10519.3
47, 10519.4
52, 10519.4
34, 10519.8
3, 10520.2
17, 10520.2
55, 10520.2
10, 10520.4
16, 10520.5
54, 10520.5
12, 10520.8
15, 10520.8
57, 10520.9
28, 10521.1
27, 10521.2
41, 10521.3
29, 10521.4
18, 10521.7
4, 10521.8
26, 10521.9
37, 10521.9
7, 10522
14, 10522.1
31, 10522.1
58, 10522.3
0, 10522.5
21, 10522.6
44, 10522.6
39, 10522.7
1, 10522.9
30, 10522.9
24, 10523.4
59, 10523.6
11, 10523.9
35, 10523.9
56, 10523.9
36, 10524
19, 10524.4
2, 10524.5
43, 10524.7
62, 10524.7
49, 10524.9
5, 10525
46, 10525.3
17, 10525.4
45, 10525.4
53, 10525.4
48, 10525.7
38, 10525.9
52, 10525.9
9, 10526.4
15, 10526.5
25, 10526.5
3, 10526.6
40, 10527.2
57, 10527.2
47, 10527.5
29, 10527.6
34, 10527.7
55, 10527.8
4, 10527.9
12, 10527.9
14, 10528
7, 10528.3
18, 10528.3
28, 10528.3
26, 10528.4
41, 10528.6
54, 10528.6
44, 10528.7
37, 10528.8
8, 10529
27, 10529.2
39, 10529.8
60, 10529.8
21, 10530
31, 10530.2
33, 10530.4
16, 10530.6
1, 10530.8
24, 10530.9
30, 10531
35, 10531
58, 10531.1
6, 10531.2
2, 10531.3
51, 10531.3
11, 10531.5
32, 10531.5
0, 10531.8
61, 10531.9
10, 10532.2
22, 10532.5
23, 10532.5
59, 10532.5
53, 10533.6
62, 10533.7
20, 10534
38, 10534.5
56, 10534.7
17, 10534.8
36, 10535
5, 10535.1
15, 10535.3
46, 10536.1
45, 10536.2
42, 10536.4
52, 10536.6
4, 10536.9
19, 10537.4
18, 10537.5
3, 10537.8
47, 10538
43, 10538.2
28, 10539.6
8, 10539.8
9, 10539.8
26, 10540.1
29, 10540.1
40, 10540.4
49, 10541.2
57, 10541.2
6, 10541.7
60, 10543
25, 10543.1
37, 10543.7
13, 10545
35, 10545.3
30, 10545.6
61, 10545.6
39, 10546
36, 10714.2
56, 10718.6
60, 10719.3
19, 10792
38, 10826.9
38, 10838
40, 10846.8
40, 10867.3
58, 10933.5
32, 10942.1
58, 10946.9
57, 10960.4
57, 10974.1
28, 10976.7
28, 10992
22, 11001.8
44, 11014.5
2, 11014.8
55, 11015
22, 11015.2
17, 11015.3
14, 11015.8
15, 11015.8
41, 11016
48, 11016.1
4, 11016.2
56, 11016.3
37, 11016.4
21, 11016.6
1, 11016.7
7, 11016.7
57, 11016.8
59, 11017
19, 11017.1
39, 11017.1
11, 11017.3
24, 11017.4
54, 11017.6
5, 11017.8
49, 11017.8
44, 11018.4
45, 11018.6
30, 11018.9
53, 11019
0, 11019.1
18, 11019.2
52, 11019.2
2, 11019.3
55, 11019.7
17, 11019.9
9, 11020
58, 11020.1
3, 11020.3
16, 11020.4
34, 11020.5
10, 11020.7
14, 11020.7
15, 11020.8
8, 11021.1
47, 11021.1
12, 11021.2
29, 11021.5
4, 11021.7
41, 11021.7
56, 11021.7
37, 11021.9
31, 11022
38, 11022
27, 11022.1
48, 11022.1
26, 11022.3
57, 11022.3
7, 11022.4
28, 11022.4
21, 11022.5
1, 11022.6
44, 11022.7
39, 11022.9
11, 11023.2
24, 11023.4
54, 11023.4
59, 11023.5
36, 11023.6
19, 11023.7
5, 11024
35, 11024.2
2, 11024.5
46, 11024.6
49, 11024.7
17, 11025.1
30, 11025.1
45, 11025.5
55, 11025.5
14, 11025.6
52, 11025.6
53, 11025.6
18, 11025.9
0, 11026.1
43, 11026.1
62, 11026.1
32, 11026.3
15, 11026.6
3, 11026.7
25, 11026.9
12, 11027.3
4, 11027.4
9, 11027.5
58, 11027.9
20, 11028
29, 11028
37, 11028.1
47, 11028.1
60, 11028.1
34, 11028.3
41, 11028.6
26, 11028.7
7, 11028.9
31, 11029.1
44, 11029.1
56, 11029.5
38, 11029.6
8, 11029.7
33, 11030
16, 11030.3
21, 11030.3
1, 11030.5
24, 11030.5
27, 11030.6
39, 11030.6
6, 11030.8
11, 11031
28, 11031
57, 11031
23, 11031.2
48, 11031.2
35, 11031.6
17, 11031.8
61, 11031.8
59, 11031.9
5, 11032.2
2, 11032.4
14, 11032.5
36, 11032.6
46, 11032.7
51, 11032.7
40, 11033.2
53, 11033.2
54, 11033.2
30, 11033.4
42, 11033.4
10, 11033.8
18, 11035.2
52, 11035.6
4, 11036
15, 11036.1
45, 11036.8
19, 11037.1
62, 11037.2
3, 11038
13, 11038.3
37, 11038.4
60, 11038.4
25, 11039.1
47, 11039.4
26, 11041.9
30, 11041.9
49, 11042.1
61, 11042.5
12, 11044.1
29, 11044.5
6, 11044.8
9, 11046.3
42, 11047.4
50, 11050.2
20, 11050.3
23, 11174.2
16, 11190.3
32, 11213.2
37, 11218.4
38, 11233.8
38, 11251.2
21, 11268.4
21, 11283.7
60, 11347.9
51, 11355.7
14, 11363.3
60, 11367.5
51, 11369.6
14, 11373.3
49, 11508.9
2, 11509.6
2, 11513.2
49, 11514.2
44, 11514.5
55, 11515
4, 11515.2
17, 11515.4
21, 11515.6
14, 11515.7
15, 11515.8
57, 11515.9
41, 11516.1
48, 11516.1
37, 11516.2
56, 11516.3
7, 11516.4
1, 11516.5
39, 11516.9
0, 11517.1
2, 11517.1
11, 11517.1
18, 11517.1
59, 11517.1
24, 11517.4
10, 11517.6
19, 11517.6
5, 11517.9
54, 11517.9
47, 11518.1
58, 11518.2
30, 11518.4
34, 11518.4
44, 11518.4
28, 11518.8
45, 11518.8
53, 11518.9
29, 11519
52, 11519
55, 11519.6
4, 11519.8
49, 11519.9
9, 11520.2
17, 11520.2
3, 11520.3
16, 11520.3
38, 11520.5
15, 11520.6
14, 11520.8
21, 11520.8
36, 11520.8
57, 11521
12, 11521.2
8, 11521.4
37, 11521.4
2, 11521.6
27, 11521.6
56, 11521.6
41, 11521.7
48, 11521.7
31, 11521.9
7, 11522.2
26, 11522.3
1, 11522.6
39, 11522.7
11, 11522.9
44, 11522.9
18, 11523.2
24, 11523.4
0, 11523.5
54, 11523.5
35, 11523.6
59, 11523.6
47, 11523.9
19, 11524.2
5, 11524.3
32, 11524.4
10, 11524.5
34, 11524.5
46, 11524.6
4, 11524.9
58, 11524.9
30, 11525
28, 11525.2
29, 11525.2
52, 11525.2
53, 11525.2
55, 11525.4
17, 11525.5
62, 11525.5
45, 11525.6
14, 11525.8
43, 11526
42, 11526.2
15, 11526.3
25, 11526.3
3, 11526.5
37, 11526.7
57, 11526.7
21, 11527
9, 11527.2
38, 11527.4
12, 11527.5
20, 11527.7
2, 11528.4
41, 11528.4
26, 11528.6
49, 11528.6
7, 11528.7
36, 11528.7
8, 11528.8
33, 11528.9
44, 11529
56, 11529.1
60, 11529.3
27, 11529.4
61, 11529.6
31, 11529.7
16, 11530
39, 11530
48, 11530.1
1, 11530.2
40, 11530.2
35, 11530.3
23, 11530.6
59, 11530.6
4, 11530.7
6, 11530.7
22, 11530.7
18, 11530.8
24, 11530.9
11, 11531.6
29, 11532.1
47, 11532.2
28, 11532.4
17, 11532.9
14, 11533
46, 11533.2
54, 11533.4
58, 11533.7
0, 11533.8
30, 11533.8
53, 11533.9
37, 11534
5, 11534.5
62, 11535.4
15, 11535.9
52, 11536.1
51, 11536.2
3, 11536.7
57, 11536.9
19, 11537
61, 11537.9
38, 11538.5
45, 11538.7
42, 11539.4
26, 11540.3
20, 11541
6, 11541.7
8, 11541.8
43, 11542
4, 11542.2
25, 11542.6
18, 11542.7
21, 11543.4
13, 11543.9
50, 11544.5
60, 11548.5
55, 11568.2
48, 11625.5
47, 11630
9, 11631.2
41, 11654.4
26, 11729
36, 11817
1, 11817.4
1, 11828.3
7, 11830.1
58, 11863.1
7, 11905.5
35, 11925.1
56, 11927.5
12, 11936.8
35, 11937.5
56, 11939.2
12, 11948.1
41, 12009.3
41, 12013.6
2, 12014.5
44, 12014.5
55, 12014.9
4, 12015.3
17, 12015.3
14, 12015.6
21, 12015.6
1, 12015.7
15, 12015.7
57, 12015.8
48, 12016
56, 12016.1
37, 12016.2
7, 12016.9
28, 12016.9
45, 12016.9
34, 12017
18, 12017.1
59, 12017.1
39, 12017.2
0, 12017.4
10, 12017.4
24, 12017.4
11, 12017.5
19, 12017.5
8, 12017.6
54, 12017.7
49, 12017.9
47, 12018
5, 12018.2
30, 12018.3
41, 12018.3
44, 12018.4
29, 12018.5
58, 12018.5
2, 12018.6
52, 12018.9
53, 12018.9
27, 12019.4
9, 12019.5
55, 12019.5
3, 12019.7
17, 12020
36, 12020.2
14, 12020.3
4, 12020.4
16, 12020.4
15, 12020.6
57, 12020.7
21, 12020.9
1, 12021.2
38, 12021.2
46, 12021.2
56, 12021.3
37, 12021.5
48, 12021.8
26, 12021.9
31, 12022.2
28, 12022.7
34, 12022.7
45, 12022.7
7, 12022.8
44, 12022.9
60, 12022.9
11, 12023
18, 12023.1
39, 12023.1
2, 12023.2
12, 12023.2
24, 12023.3
54, 12023.4
8, 12023.7
59, 12023.7
19, 12023.8
47, 12023.8
0, 12023.9
29, 12024
41, 12024
10, 12024.1
49, 12024.2
5, 12024.3
30, 12024.5
58, 12024.6
14, 12024.7
17, 12024.9
27, 12025
53, 12025
35, 12025.1
52, 12025.1
62, 12025.1
55, 12025.3
4, 12025.4
25, 12025.6
32, 12025.7
9, 12025.8
43, 12025.8
3, 12026
15, 12026
42, 12026.1
57, 12026.3
20, 12027
21, 12027.1
37, 12027.2
26, 12027.3
1, 12027.4
36, 12027.8
38, 12027.8
46, 12028.1
56, 12028.1
22, 12028.7
44, 12028.8
2, 12029.3
16, 12029.3
61, 12029.3
28, 12029.4
31, 12029.5
33, 12029.7
6, 12029.9
48, 12029.9
7, 12030
39, 12030.3
45, 12030.3
24, 12030.4
11, 12030.5
18, 12030.5
34, 12030.5
23, 12030.7
60, 12030.7
40, 12031.1
51, 12031.2
14, 12031.4
8, 12031.5
29, 12031.8
54, 12031.9
47, 12032
59, 12032.1
35, 12032.2
4, 12032.3
17, 12032.4
12, 12032.8
30, 12032.9
58, 12033.5
41, 12033.9
53, 12033.9
0, 12034.1
5, 12034.3
15, 12034.7
3, 12035.5
52, 12035.5
62, 12035.8
10, 12035.9
26, 12036.1
57, 12036.5
49, 12036.9
37, 12037.6
50, 12037.6
42, 12037.8
61, 12037.9
38, 12038.6
25, 12038.9
6, 12039.2
20, 12039.4
13, 12041.4
18, 12042.3
9, 12042.4
30, 12044.3
46, 12044.3
55, 12052.2
56, 12111.1
48, 12114.4
9, 12157.6
28, 12158
58, 12160.9
0, 12164.8
42, 12183.2
25, 12243.7
47, 12253.2
44, 12267
44, 12279.9
18, 12302
1, 12336.9
1, 12349.6
1, 12405.4
44, 12409
60, 12458.7
2, 12514.5
44, 12514.7
55, 12514.9
21, 12515
41, 12515.2
57, 12515.2
17, 12515.3
4, 12515.4
56, 12515.5
14, 12515.7
15, 12515.8
1, 12516
45, 12516
48, 12516
39, 12516.1
37, 12516.4
47, 12516.5
49, 12516.5
7, 12516.6
28, 12516.8
34, 12516.9
59, 12517.1
18, 12517.2
0, 12517.3
24, 12517.3
10, 12517.5
11, 12517.5
8, 12517.6
19, 12517.6
54, 12518
5, 12518.2
58, 12518.3
2, 12518.7
35, 12518.8
44, 12518.8
29, 12518.9
30, 12518.9
38, 12519
53, 12519.2
27, 12519.3
52, 12519.4
21, 12519.5
55, 12519.5
57, 12519.7
9, 12520
17, 12520
41, 12520
3, 12520.2
56, 12520.2
4, 12520.3
14, 12520.4
16, 12520.5
36, 12520.6
15, 12520.7
12, 12521
46, 12521
39, 12521.3
45, 12521.3
1, 12521.4
37, 12521.6
48, 12521.8
7, 12522.1
31, 12522.1
49, 12522.1
47, 12522.2
26, 12522.4
34, 12522.4
28, 12522.5
18, 12523
11, 12523.1
24, 12523.2
2, 12523.4
44, 12523.4
0, 12523.6
8, 12523.6
54, 12523.6
59, 12523.6
19, 12523.9
5, 12524.1
60, 12524.1
29, 12524.3
58, 12524.3
10, 12524.4
57, 12524.4
21, 12524.6
35, 12524.7
14, 12524.8
17, 12524.8
27, 12524.8
30, 12524.8
38, 12524.8
62, 12524.8
43, 12524.9
55, 12525
4, 12525.1
32, 12525.2
42, 12525.2
53, 12525.2
41, 12525.5
52, 12525.5
56, 12525.8
15, 12526
25, 12526.3
3, 12526.4
9, 12526.6
20, 12527
37, 12527.1
12, 12527.2
39, 12527.2
36, 12527.5
45, 12527.7
1, 12527.9
7, 12528
46, 12528
26, 12528.3
28, 12528.5
47, 12528.5
61, 12528.8
44, 12529.2
33, 12529.3
31, 12529.4
2, 12529.5
40, 12529.7
6, 12529.8
18, 12529.9
16, 12530
24, 12530
48, 12530
49, 12530
22, 12530.3
34, 12530.4
11, 12530.8
23, 12531.1
59, 12531.4
4, 12531.5
8, 12531.5
29, 12531.5
14, 12531.6
57, 12531.6
51, 12531.8
17, 12532.1
35, 12532.1
60, 12532.1
54, 12532.3
21, 12532.5
30, 12532.5
58, 12532.9
38, 12533.1
0, 12533.6
53, 12533.9
41, 12534
15, 12534.4
5, 12534.7
62, 12535.2
3, 12535.3
39, 12535.6
50, 12536
52, 12536.4
42, 12536.6
56, 12537.2
61, 12537.4
18, 12537.7
26, 12537.8
25, 12538.2
43, 12538.3
37, 12538.8
20, 12539.7
6, 12539.9
28, 12539.9
9, 12540.3
13, 12540.3
10, 12540.5
32, 12541.5
19, 12541.8
30, 12542.2
40, 12545.9
50, 12631.8
39, 12666
15, 12685.5
19, 12688
0, 12724
6, 12725.9
10, 12758.2
10, 12769.1
9, 12842.7
50, 12847.9
50, 12859.6
9, 12859.8
37, 12933.5
13, 12958.6
44, 13014.5
2, 13014.6
21, 13014.9
55, 13015
57, 13015.2
17, 13015.3
41, 13015.3
4, 13015.4
48, 13015.5
56, 13015.5
1, 13015.6
14, 13015.7
15, 13015.8
28, 13015.8
47, 13015.8
45, 13016
39, 13016.1
49, 13016.4
7, 13016.7
37, 13016.7
29, 13016.8
34, 13016.8
59, 13017.1
18, 13017.2
0, 13017.3
24, 13017.4
10, 13017.5
11, 13017.5
19, 13017.5
8, 13017.6
54, 13018
5, 13018.3
44, 13018.4
58, 13018.4
2, 13018.8
35, 13018.8
30, 13018.9
38, 13019
26, 13019.1
53, 13019.2
21, 13019.3
27, 13019.3
52, 13019.4
55, 13019.6
57, 13019.7
60, 13019.7
4, 13020
17, 13020
3, 13020.1
16, 13020.1
41, 13020.1
56, 13020.2
14, 13020.4
9, 13020.5
12, 13020.6
36, 13020.6
1, 13020.7
15, 13020.7
48, 13020.7
28, 13020.8
46, 13021
47, 13021.1
39, 13021.2
45, 13021.2
20, 13021.4
31, 13021.7
49, 13021.8
37, 13021.9
29, 13022.2
7, 13022.3
34, 13022.4
44, 13022.8
11, 13023.2
2, 13023.4
8, 13023.4
18, 13023.4
24, 13023.5
54, 13023.5
0, 13023.7
19, 13023.7
59, 13023.7
21, 13024.3
10, 13024.4
5, 13024.5
35, 13024.5
25, 13024.6
23, 13024.7
26, 13024.7
38, 13024.7
57, 13024.7
4, 13024.8
14, 13024.8
62, 13024.8
30, 13024.9
58, 13024.9
17, 13025.1
32, 13025.1
27, 13025.2
53, 13025.2
42, 13025.3
52, 13025.5
41, 13025.6
55, 13025.6
60, 13025.7
43, 13025.8
15, 13025.9
56, 13026
3, 13026.2
28, 13026.3
1, 13026.7
47, 13026.7
45, 13026.8
39, 13026.9
12, 13027.2
46, 13027.3
36, 13027.4
29, 13027.5
48, 13027.5
37, 13027.6
9, 13027.9
16, 13028.1
44, 13028.4
7, 13028.6
33, 13028.6
61, 13028.6
31, 13028.7
49, 13028.9
2, 13029
23, 13029
6, 13029.2
18, 13029.6
8, 13030
24, 13030
34, 13030
51, 13030.1
22, 13030.3
40, 13030.4
11, 13030.7
4, 13030.9
20, 13031
21, 13031.1
54, 13031.3
59, 13031.3
14, 13031.6
35, 13031.8
26, 13031.9
17, 13032
57, 13032.1
13, 13032.2
30, 13032.5
0, 13032.6
38, 13032.6
25, 13033.3
58, 13033.6
41, 13033.7
53, 13033.7
62, 13033.8
28, 13034.1
15, 13034.2
5, 13034.3
3, 13035.1
39, 13035.1
19, 13035.3
47, 13035.3
23, 13035.8
52, 13035.9
42, 13036
60, 13036.1
61, 13037.2
45, 13037.4
56, 13037.4
10, 13037.7
18, 13037.7
32, 13037.9
6, 13038.3
27, 13038.6
1, 13039.1
46, 13039.4
29, 13043.3
44, 13044
12, 13045.7
43, 13045.8
37, 13046
30, 13046.2
50, 13046.3
31, 13069.7
35, 13214.5
34, 13219.4
45, 13229.6
50, 13284.6
47, 13298.8
50, 13303
47, 13315.2
23, 13319.3
23, 13334.6
59, 13431.8
58, 13437.2
58, 13451
9, 13452.4
10, 13471.3
10, 13485.1
52, 13510.6
2, 13514.3
21, 13514.3
44, 13514.5
55, 13514.6
17, 13514.8
56, 13514.9
57, 13515.1
45, 13515.2
41, 13515.3
4, 13515.4
52, 13515.4
48, 13515.6
1, 13515.7
14, 13515.7
15, 13515.8
28, 13515.8
47, 13515.8
39, 13516.1
37, 13516.4
49, 13516.4
7, 13516.7
29, 13516.8
34, 13517
18, 13517.1
0, 13517.4
24, 13517.4
8, 13517.5
59, 13517.5
11, 13517.6
36, 13517.6
19, 13517.8
21, 13518.1
54, 13518.1
5, 13518.2
2, 13518.4
44, 13518.4
35, 13518.7
55, 13518.8
30, 13518.9
53, 13518.9
17, 13519
38, 13519
56, 13519
26, 13519.1
27, 13519.1
10, 13519.4
57, 13519.4
45, 13519.8
60, 13519.9
4, 13520
41, 13520.1
3, 13520.2
58, 13520.2
14, 13520.3
46, 13520.3
16, 13520.4
15, 13520.5
12, 13520.7
48, 13520.7
28, 13520.8
1, 13520.9
9, 13520.9
47, 13521.1
20, 13521.4
39, 13521.4
37, 13521.5
52, 13521.5
49, 13521.7
31, 13522
29, 13522.2
7, 13522.3
34, 13522.3
21, 13522.5
44, 13522.8
2, 13522.9
18, 13522.9
8, 13523.4
11, 13523.4
24, 13523.4
17, 13523.5
36, 13523.5
54, 13523.6
0, 13523.8
19, 13523.9
56, 13523.9
5, 13524
57, 13524
55, 13524.2
59, 13524.2
35, 13524.3
27, 13524.6
38, 13524.6
26, 13524.7
30, 13524.7
14, 13524.8
45, 13524.9
62, 13524.9
4, 13525.1
53, 13525.1
42, 13525.2
41, 13525.3
13, 13525.7
43, 13525.7
15, 13525.9
25, 13526
60, 13526
28, 13526.1
32, 13526.1
3, 13526.2
47, 13526.4
46, 13526.8
1, 13527
39, 13527
37, 13527.2
12, 13527.3
48, 13527.7
58, 13527.7
29, 13527.8
21, 13528
52, 13528
61, 13528
33, 13528.3
2, 13528.6
44, 13528.6
9, 13528.7
16, 13528.8
49, 13528.8
7, 13528.9
17, 13528.9
18, 13529.2
31, 13529.2
6, 13530
24, 13530
22, 13530.2
34, 13530.3
40, 13530.4
20, 13530.7
56, 13530.9
8, 13531
11, 13531
4, 13531.1
54, 13531.1
57, 13531.4
23, 13531.5
35, 13531.5
51, 13531.5
26, 13531.7
14, 13531.8
36, 13531.8
10, 13531.9
5, 13532.2
30, 13532.2
45, 13532.4
0, 13533.2
59, 13533.2
38, 13533.3
41, 13533.6
53, 13533.6
27, 13534.5
28, 13534.5
15, 13534.6
3, 13534.7
47, 13534.9
13, 13535
39, 13535.5
62, 13535.5
42, 13536
55, 13536.3
25, 13536.4
61, 13536.4
60, 13536.7
18, 13537.7
46, 13538.4
19, 13539
37, 13539.3
6, 13540.9
30, 13542.9
31, 13551.2
43, 13551.3
47, 13653.3
10, 13655
5, 13660.2
51, 13679.1
31, 13685.9
57, 13714.6
45, 13736.6
45, 13753.8
57, 13788.2
14, 13792.1
45, 13793.1
14, 13803.4
50, 13815.8
4, 13823.6
24, 13825.1
50, 13826.6
24, 13838.5
14, 13839.5
54, 13885.8
47, 13894.3
51, 13901.8
47, 13906.7
51, 13914.3
46, 13976.2
2, 14014.5
21, 14014.5
17, 14014.6
44, 14014.6
55, 14014.6
56, 14014.7
57, 14015.1
41, 14015.2
45, 14015.2
1, 14015.3
15, 14015.3
4, 14015.4
48, 14015.5
14, 14015.9
28, 14015.9
59, 14015.9
39, 14016
47, 14016.1
5, 14016.4
18, 14016.4
37, 14016.4
49, 14016.4
7, 14016.7
30, 14016.7
29, 14016.9
34, 14017
10, 14017.2
0, 14017.5
36, 14017.5
11, 14017.6
19, 14017.6
24, 14017.6
8, 14017.7
54, 14018.1
21, 14018.4
44, 14018.4
58, 14018.4
55, 14018.5
2, 14018.6
17, 14018.6
35, 14018.7
56, 14018.8
53, 14018.9
26, 14019
27, 14019
38, 14019
52, 14019.2
57, 14019.3
15, 14019.7
41, 14019.8
45, 14019.8
60, 14019.9
1, 14020
9, 14020
3, 14020.1
4, 14020.1
14, 14020.6
16, 14020.6
48, 14020.6
12, 14020.9
28, 14020.9
39, 14021.2
13, 14021.3
20, 14021.3
59, 14021.4
37, 14021.5
25, 14021.6
5, 14021.7
31, 14021.8
47, 14021.8
49, 14021.8
7, 14021.9
18, 14022
30, 14022.1
46, 14022.1
29, 14022.3
34, 14022.4
17, 14022.9
44, 14022.9
21, 14023
2, 14023.1
11, 14023.2
36, 14023.3
56, 14023.3
8, 14023.4
10, 14023.5
0, 14023.6
24, 14023.6
55, 14023.6
54, 14023.7
57, 14023.8
19, 14023.9
32, 14024
35, 14024.1
26, 14024.2
27, 14024.3
58, 14024.3
53, 14024.5
15, 14024.6
38, 14024.7
4, 14024.9
45, 14024.9
62, 14024.9
41, 14025
52, 14025
42, 14025.1
14, 14025.2
43, 14025.3
1, 14025.4
60, 14025.7
3, 14026
28, 14026.2
39, 14026.4
12, 14026.9
9, 14027
37, 14027
48, 14027.3
59, 14027.3
18, 14027.6
7, 14027.8
13, 14027.8
29, 14027.9
33, 14028
47, 14028
61, 14028
17, 14028.1
30, 14028.2
5, 14028.4
46, 14028.4
49, 14028.5
2, 14028.6
21, 14028.8
44, 14028.9
56, 14028.9
31, 14029.3
25, 14029.4
16, 14029.7
6, 14029.9
34, 14029.9
40, 14030
8, 14030.1
20, 14030.2
57, 14030.3
22, 14030.6
23, 14030.7
4, 14030.8
35, 14030.8
11, 14030.9
15, 14030.9
24, 14031
26, 14031.1
36, 14031.3
53, 14031.3
54, 14031.6
14, 14031.9
41, 14032
32, 14032.1
45, 14032.1
58, 14032.5
38, 14032.8
39, 14033.3
0, 14033.5
55, 14033.7
3, 14033.8
10, 14033.9
42, 14034.1
18, 14034.3
1, 14034.4
52, 14034.5
60, 14034.6
27, 14034.8
62, 14035
50, 14035.5
28, 14035.6
30, 14036.5
61, 14036.5
19, 14037
59, 14037.5
37, 14038
51, 14038
2, 14039.1
12, 14039.5
43, 14040.7
8, 14042.8
6, 14042.9
17, 14044.5
23, 14044.6
43, 14049.1
58, 14125.1
5, 14203.7
47, 14204.9
11, 14257.3
11, 14275.1
29, 14375.6
29, 14390.4
8, 14454.9
23, 14471.1
26, 14473.9
8, 14479.3
23, 14484.6
26, 14491.1
55, 14493.8
55, 14509.2
55, 14513.8
17, 14514.2
2, 14514.5
21, 14514.5
44, 14514.5
56, 14514.9
45, 14515.1
57, 14515.1
1, 14515.2
4, 14515.2
15, 14515.3
41, 14515.3
48, 14515.5
14, 14515.6
47, 14515.7
28, 14515.8
7, 14515.9
59, 14515.9
36, 14516.1
39, 14516.1
5, 14516.2
24, 14516.2
37, 14516.2
18, 14516.3
49, 14516.4
30, 14516.7
34, 14516.9
29, 14517.2
0, 14517.3
10, 14517.5
19, 14517.5
11, 14517.7
3, 14517.9
17, 14517.9
54, 14517.9
55, 14518.1
58, 14518.3
21, 14518.4
38, 14518.4
44, 14518.4
2, 14518.6
35, 14518.6
53, 14518.9
56, 14519
27, 14519.3
42, 14519.3
52, 14519.3
57, 14519.4
45, 14519.6
15, 14519.7
8, 14519.8
1, 14519.9
4, 14519.9
9, 14519.9
26, 14519.9
60, 14519.9
41, 14520
14, 14520.2
16, 14520.4
46, 14520.7
48, 14520.7
13, 14520.8
28, 14520.8
47, 14520.9
7, 14521
12, 14521
20, 14521.3
36, 14521.3
37, 14521.3
39, 14521.3
59, 14521.3
24, 14521.4
25, 14521.4
5, 14521.5
18, 14521.7
31, 14521.8
49, 14521.8
17, 14521.9
30, 14522.1
34, 14522.3
29, 14522.7
21, 14522.8
44, 14522.8
0, 14523.3
11, 14523.3
54, 14523.3
2, 14523.4
3, 14523.4
56, 14523.6
38, 14523.7
19, 14523.8
57, 14524
35, 14524.2
55, 14524.2
58, 14524.3
62, 14524.3
10, 14524.4
53, 14524.4
15, 14524.5
45, 14524.5
4, 14524.6
14, 14524.6
27, 14525
43, 14525
1, 14525.1
52, 14525.2
41, 14525.4
32, 14525.5
26, 14525.6
60, 14526
47, 14526.2
28, 14526.3
7, 14526.4
8, 14526.5
24, 14526.7
39, 14526.7
42, 14526.7
18, 14526.8
46, 14526.8
37, 14526.9
48, 14526.9
17, 14527
12, 14527.1
61, 14527.1
5, 14527.3
9, 14527.3
59, 14527.4
13, 14527.6
33, 14527.7
30, 14527.9
36, 14528.1
31, 14528.3
6, 14528.4
21, 14528.4
44, 14528.4
29, 14528.6
49, 14528.9
2, 14529
51, 14529.2
25, 14529.3
20, 14529.6
3, 14529.7
16, 14529.8
40, 14530
4, 14530.3
22, 14530.4
34, 14530.4
54, 14530.5
57, 14530.5
11, 14530.6
56, 14530.6
38, 14531
53, 14531
14, 14531.1
50, 14531.1
45, 14531.2
15, 14531.5
35, 14531.5
58, 14531.5
0, 14532.8
18, 14532.8
1, 14533.4
41, 14533.7
62, 14534
24, 14534.3
39, 14534.5
61, 14534.9
28, 14535.4
47, 14535.5
60, 14535.5
26, 14535.8
52, 14535.9
10, 14536.4
19, 14536.6
30, 14536.8
37, 14537
17, 14537.2
46, 14537.2
6, 14538.2
43, 14538.5
4, 14538.7
23, 14538.8
9, 14539.2
59, 14539.3
44, 14540.7
5, 14540.9
3, 14541.9
31, 14542.4
8, 14542.7
25, 14542.9
2, 14544.9
42, 14545.5
32, 14546.4
7, 14546.8
19, 14669
3, 14715.6
10, 14718.9
7, 14763.5
52, 14774.8
3, 14776.2
35, 14802.9
32, 14804.6
35, 14822.3
26, 14866.3
26, 14877.4
26, 14935.5
39, 14938.7
39, 14951
