338, 23.2
161, 27
373, 37.6
303, 38.1
211, 41.9
5, 44.1
326, 62.8
88, 64.1
153, 71.8
237, 75.6
352, 78.1
39, 86.3
194, 89.3
181, 93.7
115, 95.4
303, 96.4
291, 99.7
363, 99.8
8, 104.6
181, 105.3
295, 110.9
279, 111.6
366, 112.3
94, 116.1
181, 117.9
140, 118.2
160, 133.6
16, 144.6
268, 158.3
184, 158.7
208, 162.3
356, 163.9
138, 169.7
178, 172.2
162, 172.7
319, 176.6
165, 180
262, 180.7
139, 184
127, 188.1
184, 194.4
66, 205.4
55, 208
106, 221
46, 242.1
176, 248.3
47, 249.4
1, 254.3
25, 258.3
229, 259.5
245, 262.7
271, 288.1
53, 290.4
364, 292.7
294, 304
92, 315.2
315, 328.5
200, 329.7
313, 340.3
258, 349.6
44, 350.4
40, 351.9
142, 358.8
209, 371.6
115, 373.6
380, 381.5
371, 381.9
312, 392.6
134, 400.3
25, 402.1
186, 402.7
21, 405.6
247, 406.6
122, 428.8
36, 430
111, 439.6
137, 441
47, 447
367, 464.5
232, 466.7
341, 468.8
163, 477.4
161, 481.6
98, 482.8
269, 494.4
32, 496.8
350, 515.5
230, 517.8
72, 518.8
116, 523.2
73, 524.5
353, 528.5
351, 530.5
232, 530.6
141, 543
347, 547.1
159, 550.3
353, 554.8
341, 564.4
11, 570.2
282, 571.9
351, 572.2
273, 573.7
382, 584.7
33, 585.5
184, 589.8
176, 603.8
311, 604.5
301, 606
111, 610.3
117, 621.5
196, 623
288, 628.6
44, 637.1
123, 640.3
198, 642.5
358, 646.4
4, 655.8
146, 659.8
102, 667.8
15, 668.5
272, 669.4
293, 682.6
86, 688.5
223, 691.2
172, 692.6
252, 697.8
95, 701.8
163, 703
167, 706.9
217, 708.5
71, 710.7
371, 712.2
292, 718.8
231, 720.1
7, 720.2
258, 727.6
128, 744.8
90, 744.9
138, 745.6
271, 747.2
261, 756.6
260, 757.5
313, 759.6
347, 762.4
284, 789.7
118, 796.6
242, 796.7
343, 797.2
305, 799.7
212, 805.1
203, 811.2
125, 822.2
206, 822.4
200, 822.9
14, 831.9
35, 850.3
71, 855.7
3, 856.9
203, 862.8
181, 884.7
55, 890.3
320, 897
374, 898.4
117, 911.5
166, 916.5
142, 927.7
27, 929.7
297, 930
375, 951.6
328, 951.9
322, 953.4
379, 961
145, 966.5
328, 969.7
255, 970.1
52, 973.2
298, 979.6
178, 982.8
328, 984.7
55, 998
255, 998.2
362, 1012.8
33, 1013.5
192, 1020.4
122, 1021.5
178, 1024.3
255, 1025
130, 1031.2
294, 1037.5
6, 1042.8
20, 1043.4
309, 1048.3
208, 1059.1
19, 1067.9
29, 1070
216, 1075.6
240, 1081.6
257, 1086.6
266, 1091.6
356, 1096.5
294, 1104.5
172, 1106.5
27, 1115.6
126, 1118.6
90, 1119
66, 1133.4
298, 1137.1
151, 1149.5
212, 1153.3
171, 1156.8
128, 1159.6
382, 1160
216, 1161.6
84, 1161.6
98, 1171.9
207, 1175.5
332, 1201.3
256, 1215.1
170, 1215.1
92, 1216.2
134, 1222.8
81, 1224.6
168, 1233.3
24, 1242
35, 1244.7
180, 1259.5
15, 1264.1
65, 1269
78, 1269
61, 1298.8
367, 1304.1
310, 1308.9
83, 1318
286, 1329.2
261, 1333
296, 1337.3
68, 1343.1
53, 1354.3
202, 1365.1
351, 1365.2
6, 1372.1
111, 1375.3
338, 1381.8
208, 1384.7
41, 1385.7
72, 1389.6
334, 1415.3
205, 1416.8
199, 1422.4
151, 1422.9
105, 1426.9
310, 1432.8
151, 1434.4
276, 1436.8
154, 1441.6
77, 1441.9
262, 1443.2
171, 1444.9
379, 1449.3
380, 1456.9
79, 1477.8
361, 1498.1
311, 1500.4
89, 1516.4
333, 1530.9
221, 1545.4
270, 1562.1
132, 1562.3
68, 1563.5
249, 1565.8
271, 1573.2
339, 1573.6
140, 1574
118, 1579.2
324, 1591.3
163, 1593.9
330, 1595.2
170, 1596.9
149, 1597.3
264, 1607.4
311, 1615.2
291, 1621.9
142, 1622.2
116, 1639.8
300, 1640.8
194, 1661.8
133, 1670.1
360, 1674.1
191, 1681.2
209, 1683.8
20, 1684.5
173, 1699.4
186, 1700.3
281, 1705.4
263, 1708.8
45, 1710.5
52, 1718.4
164, 1726.7
221, 1727.3
266, 1731.3
318, 1754.6
56, 1766
285, 1766.5
172, 1801.6
85, 1803.1
298, 1810.6
293, 1813.7
103, 1822.1
335, 1823.7
341, 1828.1
241, 1838.2
154, 1844.1
323, 1846.1
15, 1846.7
9, 1856.8
106, 1858.2
175, 1864.8
378, 1867.5
36, 1878.8
15, 1882.2
244, 1885.7
246, 1891.6
39, 1892.6
105, 1893.7
256, 1894.4
231, 1896.8
34, 1897.8
330, 1898.4
288, 1902.9
287, 1908.5
204, 1908.8
356, 1908.9
223, 1909.4
32, 1910.9
300, 1918
32, 1918.4
382, 1922.4
338, 1923.2
355, 1925.1
300, 1925.4
32, 1931.1
300, 1937.4
115, 1939.1
82, 1957.4
248, 1959.5
330, 1959.9
171, 1960.6
94, 1961
357, 1966.7
199, 1981.9
34, 1998.3
219, 1999.1
180, 2010.1
175, 2011.3
366, 2013.2
139, 2014.4
205, 2015.3
201, 2018.6
139, 2024.1
180, 2024.4
185, 2026.4
366, 2029.5
196, 2031.6
201, 2034.5
110, 2035.8
27, 2043.3
141, 2047.6
328, 2049.2
153, 2052.5
297, 2057.8
66, 2068.9
138, 2074.2
337, 2084
139, 2085.4
182, 2087.8
154, 2092.9
222, 2098.2
365, 2100.6
154, 2102
18, 2115.1
308, 2115.8
79, 2122.1
25, 2124.9
330, 2129.2
41, 2140.5
241, 2141
102, 2141.7
347, 2148.3
93, 2152.4
85, 2156.1
185, 2159.2
333, 2163.1
234, 2164.7
230, 2166.3
148, 2167.9
8, 2172.6
309, 2175.5
179, 2192.3
323, 2192.3
303, 2194
235, 2211.8
248, 2216.5
119, 2216.8
220, 2233.5
31, 2239.1
381, 2239.7
268, 2243.6
16, 2250.3
149, 2250.5
249, 2251.2
61, 2257.5
280, 2270
254, 2271.9
271, 2275.4
291, 2276.5
198, 2283.7
22, 2288.5
60, 2289.5
184, 2300.6
65, 2301.2
190, 2307
108, 2316.1
332, 2318
102, 2318.4
234, 2320.4
136, 2323
26, 2329
264, 2337.1
6, 2344.1
76, 2345.1
367, 2353.4
305, 2363.4
145, 2374
270, 2385.1
200, 2392.6
32, 2396.7
192, 2400.2
79, 2402.2
5, 2411.2
305, 2412.2
2, 2416.2
9, 2417.2
331, 2418.3
360, 2418.5
125, 2418.6
208, 2422.5
330, 2428.2
17, 2429
198, 2431.1
128, 2438.2
295, 2440.3
28, 2453.9
82, 2458.1
202, 2471.1
87, 2477.9
244, 2480.7
294, 2483.7
22, 2483.8
129, 2489.7
294, 2492.6
70, 2492.9
69, 2497.2
330, 2497.7
260, 2505.9
196, 2506.4
339, 2510.2
351, 2513.1
69, 2520.3
339, 2521.9
247, 2522.4
293, 2523
185, 2525.1
379, 2528
82, 2531
251, 2534
247, 2535.9
195, 2538
251, 2543.3
379, 2547.4
189, 2554.2
349, 2555.6
256, 2560.3
213, 2566.7
157, 2567.4
102, 2572.8
70, 2579.4
141, 2586.5
70, 2589
132, 2591.1
139, 2593.6
311, 2594
348, 2596.8
354, 2597.9
235, 2601.8
112, 2604.4
0, 2605.6
237, 2606.4
80, 2624.9
199, 2632.7
267, 2640.2
213, 2651.1
158, 2655.5
348, 2655.5
148, 2659
305, 2662.8
90, 2664.4
74, 2668.1
15, 2673.5
324, 2679.8
129, 2684
109, 2685.5
174, 2690.6
124, 2692.6
107, 2693.4
294, 2708
322, 2712.6
25, 2719.6
198, 2747.4
344, 2747.5
139, 2762.1
323, 2766.7
228, 2770.8
221, 2772.2
222, 2773.1
38, 2780.3
167, 2780.3
45, 2788.5
284, 2792
199, 2793.5
103, 2801.5
183, 2802.3
237, 2806.6
318, 2809.3
335, 2827
315, 2831.5
309, 2872
244, 2872.1
215, 2885.8
287, 2888.5
259, 2896
173, 2913.4
273, 2913.8
19, 2915.4
138, 2919.7
231, 2922.9
367, 2932.1
230, 2932.8
75, 2933.7
245, 2934.3
140, 2962.4
372, 2971.3
156, 2971.8
14, 2973.5
5, 2981.8
171, 2987.6
87, 2988.4
63, 2992.2
257, 2992.8
171, 2996.6
257, 2999.9
177, 3002.8
157, 3006.9
2, 3008.6
171, 3009.2
257, 3014.7
161, 3017.2
149, 3017.4
331, 3018.1
2, 3021.5
293, 3023.1
185, 3026.1
149, 3030.5
251, 3031.9
175, 3032.3
129, 3032.9
324, 3044.4
121, 3050
100, 3050.4
378, 3059.9
279, 3061.9
111, 3062.6
116, 3068.2
214, 3071.1
234, 3077.2
24, 3078.3
333, 3079.7
7, 3080.4
293, 3081.5
105, 3084.9
383, 3105.3
227, 3105.7
77, 3106.2
100, 3113.5
328, 3127.3
242, 3132.2
345, 3132.7
315, 3141.6
34, 3144.6
172, 3146
192, 3155.3
71, 3162.4
268, 3165.2
16, 3168.3
280, 3169.4
71, 3171.8
260, 3174.4
119, 3177.9
122, 3180.6
123, 3191.2
81, 3200.3
1, 3203.1
160, 3204.7
20, 3206
30, 3221.1
236, 3233.5
325, 3242.2
161, 3243.9
236, 3247.5
238, 3256.3
236, 3260.5
173, 3265
93, 3265.2
276, 3283.7
286, 3288.8
164, 3294.9
279, 3302.1
48, 3304.6
236, 3309.7
350, 3315.6
316, 3317.3
207, 3323.6
17, 3328.9
4, 3330.5
257, 3333.9
24, 3334.4
166, 3335.9
250, 3337
106, 3345.2
198, 3345.4
200, 3350.4
212, 3351.8
47, 3357.1
106, 3360.4
162, 3370.8
190, 3372.3
106, 3373.5
67, 3374.5
211, 3379.3
216, 3380.9
259, 3383.6
349, 3389.4
135, 3391.2
300, 3391.5
138, 3392.7
43, 3396.5
72, 3398.7
54, 3405.4
142, 3409
128, 3413.2
36, 3418.5
18, 3421.5
318, 3422.8
74, 3423.2
295, 3434.9
27, 3439.4
47, 3440.4
77, 3441.2
115, 3442.3
279, 3444.3
284, 3449.9
190, 3464.8
281, 3474.1
18, 3492.1
240, 3497.4
335, 3497.7
206, 3499.3
316, 3509.7
282, 3514
336, 3517.3
261, 3518.1
316, 3518.2
253, 3518.5
251, 3522
293, 3522.6
55, 3525.6
234, 3525.8
224, 3526
185, 3526.3
261, 3526.4
124, 3528.4
317, 3529.6
217, 3531.1
253, 3532.3
342, 3533
224, 3537
55, 3540.7
103, 3541.9
31, 3544.4
317, 3553
237, 3554.6
216, 3556.9
251, 3559.2
371, 3568.1
161, 3573.4
133, 3576
298, 3580.8
314, 3582.5
353, 3582.6
51, 3589.8
151, 3597.4
91, 3602.8
65, 3606.2
206, 3608.9
94, 3631.7
213, 3633.5
331, 3637.8
239, 3647.9
358, 3649.5
383, 3661.7
66, 3664.7
64, 3680.1
352, 3680.5
242, 3684.2
52, 3689.2
127, 3695
166, 3697.2
292, 3705.6
167, 3707.4
240, 3707.9
32, 3711.3
180, 3717.5
223, 3719.9
194, 3722.3
67, 3736.6
140, 3736.8
205, 3748.9
202, 3749
94, 3751.2
146, 3751.3
107, 3755.6
295, 3779.8
77, 3789.7
73, 3806.1
196, 3818.1
45, 3820.6
378, 3821.3
121, 3824.3
146, 3824.3
340, 3835
36, 3843.9
137, 3844.3
205, 3845.5
372, 3846.8
229, 3847.6
99, 3848.4
87, 3853.4
325, 3861.4
346, 3864.2
89, 3865.3
218, 3870
246, 3870.4
97, 3872.1
113, 3884
128, 3896.5
170, 3904.1
261, 3907.5
212, 3908.2
299, 3919
129, 3920.5
248, 3920.9
91, 3928.8
337, 3932
176, 3939.1
15, 3945.1
290, 3954.6
133, 3957.9
153, 3958.5
10, 3964.2
346, 3966.2
268, 3968.1
108, 3970.8
362, 3973.4
23, 3973.5
207, 3973.6
111, 3976.9
256, 3978.4
8, 3980.1
304, 3981.8
23, 3982.1
284, 3982.2
62, 3984.7
27, 3988.3
365, 3993.5
164, 3999.1
60, 4005.2
251, 4021.7
217, 4022.6
293, 4023.1
56, 4026.3
185, 4026.4
234, 4026.6
250, 4027.1
326, 4027.3
124, 4028.7
69, 4029.1
129, 4031.9
139, 4032
141, 4034.6
285, 4036.7
352, 4050.8
316, 4051
180, 4052.4
354, 4058.3
32, 4060.3
100, 4070.6
251, 4072.1
289, 4089.7
257, 4093.9
332, 4094.4
343, 4097.7
225, 4117
286, 4119.4
199, 4122.2
70, 4168
151, 4188.4
260, 4201.1
308, 4201.8
335, 4207.4
361, 4208
215, 4209.6
339, 4228.7
68, 4235.2
136, 4236.6
363, 4239.2
296, 4242.2
55, 4243.7
380, 4243.9
372, 4248
57, 4248.3
54, 4251.7
151, 4252.4
116, 4265.7
51, 4268.9
49, 4274.4
171, 4275.5
31, 4283.2
264, 4284.4
187, 4286.3
106, 4289.7
16, 4311.1
223, 4315.2
140, 4315.5
35, 4323.6
227, 4338.7
351, 4367.2
102, 4379
37, 4382.9
173, 4386.2
179, 4387.8
90, 4390.5
194, 4392.1
218, 4393.9
180, 4401.7
43, 4408.9
80, 4412.7
300, 4416.1
50, 4419
343, 4419.6
152, 4422.1
44, 4429.4
26, 4432.1
212, 4434.8
300, 4436
289, 4441.4
300, 4452.8
133, 4454
149, 4476.7
333, 4478.7
40, 4482.5
117, 4485.1
97, 4505.6
221, 4506
24, 4509
1, 4514.2
206, 4517.1
91, 4521.5
251, 4521.6
217, 4522.6
293, 4523.2
25, 4524.5
186, 4524.9
97, 4525.7
185, 4526.4
234, 4526.8
326, 4527.2
250, 4527.5
124, 4528.8
69, 4529.1
1, 4529.3
139, 4532
320, 4535.3
285, 4536.2
215, 4537.8
260, 4538.5
343, 4538.6
235, 4546.7
246, 4551
42, 4551.6
260, 4556.5
120, 4557.1
332, 4557.8
16, 4559.8
361, 4564.2
159, 4568.3
184, 4571
212, 4572.6
303, 4573.3
180, 4573.3
210, 4573.6
104, 4574.8
145, 4579.8
205, 4594.3
113, 4597.6
316, 4597.9
120, 4598.1
311, 4603
114, 4610
216, 4612.9
320, 4613.5
162, 4630.4
317, 4635.7
54, 4636.5
360, 4636.5
381, 4642.5
298, 4652.9
145, 4662.3
209, 4665.1
73, 4668
94, 4670.7
324, 4681.9
340, 4682.5
55, 4688.1
248, 4691.6
328, 4694.3
347, 4706.2
185, 4707.1
119, 4710.1
96, 4710.7
305, 4711.9
2, 4713.2
137, 4713.8
329, 4715.1
43, 4716.5
78, 4726
33, 4728.7
252, 4734.7
331, 4744.4
207, 4752.4
36, 4756
207, 4759.5
207, 4772
340, 4775.1
146, 4777.6
27, 4784.1
259, 4786.4
79, 4787.5
135, 4789
55, 4799.1
23, 4806.2
123, 4816
120, 4817
258, 4823.8
210, 4824.2
152, 4830.8
105, 4831.3
286, 4833.2
201, 4833.7
148, 4843.2
76, 4844.7
116, 4845.5
190, 4850.6
220, 4853.1
76, 4854.3
237, 4861.1
232, 4875.8
322, 4876.4
307, 4876.6
15, 4879.7
296, 4879.9
166, 4887.7
233, 4888.3
153, 4896
227, 4901
104, 4901.3
377, 4905
133, 4905.5
48, 4908.3
28, 4912.9
289, 4923.9
22, 4930.9
16, 4935.5
219, 4939.2
112, 4943.9
343, 4945.5
322, 4952.1
68, 4953.4
237, 4953.5
240, 4955.5
373, 4956.4
82, 4959.9
185, 4962
168, 4966.6
351, 4967.2
275, 4970.3
210, 4971.6
278, 4975.3
130, 4977.7
259, 4979.1
378, 4990.6
296, 4995.2
122, 5000.7
242, 5019.3
251, 5022
217, 5022.6
293, 5023.2
25, 5024.4
185, 5024.7
275, 5026.4
234, 5026.8
326, 5027.2
250, 5027.6
124, 5028.8
69, 5029.1
296, 5029.6
322, 5030.3
139, 5032.1
58, 5033.2
242, 5033.4
285, 5036.1
184, 5039.5
114, 5039.7
158, 5044.4
330, 5047.6
34, 5049.9
223, 5070.7
121, 5070.8
186, 5071.6
155, 5076
138, 5078.9
117, 5081
382, 5097.1
289, 5099
224, 5099.8
71, 5119.7
178, 5128.5
380, 5140.9
267, 5147.3
308, 5151.4
339, 5153.5
345, 5159.3
84, 5160.8
261, 5161.9
377, 5163.1
365, 5166.6
138, 5175.4
125, 5184.9
381, 5186.2
201, 5190
240, 5222.9
136, 5225.7
180, 5225.7
187, 5232.8
212, 5244
352, 5246.1
201, 5246.4
323, 5248.6
161, 5257.8
333, 5263.8
377, 5263.8
57, 5265.9
286, 5276.2
118, 5279.6
66, 5281.2
83, 5288.3
182, 5319
279, 5320.5
197, 5335.8
16, 5339.2
61, 5340
104, 5348
251, 5349.7
277, 5350.3
105, 5364.5
198, 5367.6
144, 5369
274, 5372.9
370, 5374.1
126, 5378.1
363, 5386.9
363, 5395.6
134, 5400.6
235, 5405.3
91, 5416
117, 5420.8
326, 5424
280, 5424.7
235, 5426.1
240, 5427.3
330, 5431.4
235, 5445.3
91, 5452.8
17, 5456
83, 5457.3
137, 5457.4
372, 5460.9
5, 5461.7
141, 5478.1
194, 5481.3
32, 5488.3
27, 5488.7
69, 5488.9
358, 5497.9
335, 5503.6
52, 5506.1
1, 5508.1
81, 5508.3
365, 5511.7
194, 5512.7
52, 5521
365, 5521.2
251, 5521.3
226, 5522.4
69, 5522.5
217, 5522.6
1, 5522.8
293, 5523.3
215, 5523.7
25, 5524.4
326, 5525.5
185, 5525.7
81, 5526.3
234, 5526.8
153, 5527.4
275, 5527.5
152, 5527.6
250, 5527.6
194, 5527.8
124, 5528.8
55, 5528.9
195, 5529.9
352, 5531.1
139, 5532.1
58, 5533.3
183, 5533.5
322, 5534.8
229, 5535.1
285, 5536.1
210, 5544.9
152, 5545.1
310, 5546.7
55, 5548.9
242, 5551.6
212, 5557.3
83, 5557.4
183, 5559.5
352, 5561.2
250, 5565.7
190, 5576.5
90, 5576.7
223, 5587.7
26, 5592.8
61, 5594.8
341, 5597.6
302, 5599.4
109, 5605.7
346, 5613.2
271, 5617.2
292, 5621.4
288, 5622.5
354, 5623.5
209, 5623.9
89, 5627.2
114, 5627.4
73, 5627.6
41, 5629.8
315, 5631
103, 5636.7
357, 5639.1
151, 5647.1
61, 5658.8
350, 5661.9
258, 5665.8
12, 5669.2
138, 5694.5
353, 5702.4
264, 5703.2
332, 5713.9
256, 5716.9
24, 5720.9
350, 5723.6
303, 5727
213, 5740.6
344, 5741.7
8, 5748.1
197, 5759.6
23, 5761
140, 5770.5
189, 5771.9
336, 5781.8
217, 5782.6
165, 5788.8
325, 5792.3
361, 5797.4
211, 5799.3
164, 5799.7
117, 5800.5
159, 5801.6
265, 5803.6
255, 5809.9
161, 5810.3
54, 5814.5
319, 5816.2
149, 5823.7
356, 5828
7, 5830.3
347, 5843
345, 5848.5
167, 5859.1
4, 5861.3
244, 5864.1
134, 5869
113, 5876.2
314, 5876.2
359, 5896.8
82, 5904.4
300, 5904.5
154, 5907.2
219, 5909.7
294, 5911.4
57, 5921.6
265, 5926.1
226, 5943.2
86, 5947.3
90, 5951.1
366, 5954.3
212, 5955.1
324, 5964.9
60, 5973
76, 5977.8
177, 5981
353, 5984.2
237, 5992.3
184, 5995.8
58, 5998.3
170, 5999.2
78, 6013.9
323, 6014
151, 6016.2
184, 6017.3
110, 6017.7
58, 6017.8
215, 6020.9
226, 6021.7
217, 6021.8
251, 6021.9
201, 6022.3
5, 6022.7
293, 6023.3
323, 6023.5
78, 6024
25, 6024.4
151, 6024.5
22, 6025.2
153, 6025.9
326, 6026.1
185, 6026.3
250, 6026.5
370, 6026.9
234, 6027
69, 6027.8
209, 6027.9
275, 6028.4
124, 6028.8
110, 6030.8
285, 6031.7
139, 6032.5
143, 6033.5
184, 6033.8
326, 6033.8
229, 6034.9
22, 6035.5
114, 6039.9
209, 6040.5
285, 6040.8
370, 6050.2
269, 6053.4
225, 6059.6
81, 6064.6
148, 6065.7
30, 6086
256, 6089
173, 6090.8
192, 6094.8
114, 6097.3
49, 6099.5
205, 6102.9
243, 6105.4
248, 6117.2
187, 6129.2
174, 6137.4
248, 6138.4
313, 6140.6
161, 6144.2
49, 6148.6
128, 6150.2
363, 6150.5
173, 6150.9
248, 6156.1
372, 6157.7
154, 6164.6
343, 6171.1
51, 6180.7
2, 6181.8
183, 6186.2
3, 6188.2
356, 6189.1
76, 6189.8
259, 6194.1
175, 6205
319, 6214.9
222, 6217.5
66, 6226.1
271, 6246.4
102, 6247.5
359, 6247.7
22, 6250.6
215, 6250.9
194, 6257.4
202, 6259.6
127, 6266.5
51, 6272.3
192, 6276.4
88, 6277.8
376, 6277.9
328, 6282.5
294, 6286.6
255, 6287
60, 6304.7
89, 6305.6
121, 6315.9
187, 6316.3
10, 6316.7
135, 6332.8
328, 6333.2
65, 6334.4
305, 6342.2
315, 6344.2
267, 6348.8
303, 6351.6
102, 6374.2
6, 6387.8
339, 6396.5
293, 6398.5
359, 6399.2
360, 6400
127, 6401.6
70, 6406.6
3, 6421.2
73, 6426.1
56, 6428.6
144, 6429.9
47, 6434.3
219, 6435.9
311, 6445.2
325, 6452.1
86, 6462
254, 6462.2
71, 6465.8
328, 6469.4
59, 6476
305, 6494.4
145, 6496
321, 6504.7
73, 6504.8
69, 6505.5
182, 6506.4
231, 6514.4
14, 6516.1
69, 6516.4
245, 6518.4
73, 6518.7
5, 6519.9
215, 6520.4
184, 6521.5
251, 6522
226, 6522.1
293, 6522.3
201, 6522.4
217, 6522.4
229, 6522.7
276, 6523.4
25, 6524.4
182, 6525.6
3, 6526.1
326, 6526.4
185, 6526.4
234, 6527
250, 6527.3
241, 6527.7
257, 6527.9
245, 6528.4
324, 6528.5
275, 6528.6
124, 6528.8
228, 6529
74, 6529.6
231, 6530.1
58, 6530.6
14, 6531.1
69, 6531.5
285, 6531.7
139, 6532.5
321, 6533.2
360, 6535.9
259, 6538
114, 6540.5
329, 6540.6
324, 6541.9
228, 6542.7
280, 6544.5
110, 6545
364, 6549.6
257, 6550.5
21, 6551.9
339, 6553.7
369, 6556.2
34, 6570.5
188, 6570.8
147, 6571.8
110, 6578.4
217, 6579.8
320, 6583.4
197, 6584.8
13, 6585.2
246, 6585.5
94, 6588.3
258, 6588.5
66, 6588.9
112, 6602
118, 6602.7
141, 6614.3
278, 6629.6
182, 6640.8
128, 6648.3
171, 6648.8
291, 6654
14, 6658.6
15, 6662.7
195, 6667.7
86, 6674.4
256, 6678.3
29, 6682.9
133, 6688
188, 6696.2
146, 6699.2
4, 6700
79, 6707.1
263, 6708.3
58, 6712.9
77, 6713
118, 6715.6
245, 6717.4
54, 6718
216, 6725.8
362, 6743.7
164, 6745.1
106, 6747.2
179, 6748.9
100, 6760.8
383, 6768.9
295, 6798.8
174, 6808.2
311, 6817.7
374, 6821.6
188, 6823.9
122, 6837
200, 6837.9
185, 6842.2
273, 6844.9
3, 6845.8
253, 6857.1
81, 6861.7
42, 6875.5
249, 6880.4
253, 6883.2
113, 6886.6
171, 6889.6
87, 6890.8
64, 6892.4
278, 6905.5
13, 6915.1
241, 6921.9
231, 6927.9
136, 6930.3
315, 6955.9
147, 6958.5
216, 6958.9
203, 6970.1
195, 6972.3
80, 6977.5
331, 6977.9
204, 6983.6
376, 6989
383, 6999.7
122, 7009.8
77, 7016.2
201, 7019.4
5, 7019.9
215, 7020.8
297, 7021.6
184, 7021.7
251, 7022
217, 7022.1
226, 7022.3
229, 7022.7
285, 7023
293, 7023
276, 7023.3
169, 7023.6
25, 7024.4
185, 7024.8
33, 7024.9
241, 7025.6
3, 7026
234, 7027
326, 7027.3
250, 7027.5
69, 7027.8
267, 7028.6
275, 7028.6
77, 7028.7
58, 7028.8
124, 7028.9
74, 7029.5
139, 7033
33, 7034.8
239, 7036.9
128, 7051
25, 7056
12, 7058.4
33, 7064.8
193, 7066.5
118, 7071.8
375, 7072.8
358, 7085
238, 7086.7
197, 7093.8
260, 7100.1
291, 7100.2
283, 7102.8
49, 7107.6
175, 7110
302, 7113.2
82, 7114.2
229, 7119.9
190, 7122.7
97, 7123
381, 7128.7
259, 7136.7
304, 7137.7
159, 7142.7
17, 7151
36, 7152
50, 7156.5
118, 7161.2
15, 7163.5
62, 7167.9
242, 7179.6
113, 7185.5
248, 7204.6
182, 7207.5
98, 7222.7
299, 7232.4
126, 7239.3
328, 7247.2
249, 7250.1
344, 7257
168, 7263.1
42, 7270.8
109, 7274.3
189, 7280.4
200, 7283.3
322, 7283.5
245, 7289.4
38, 7290.4
207, 7292.7
14, 7294.6
324, 7302.6
18, 7312.1
107, 7314.8
172, 7315.9
343, 7319.1
75, 7319.9
5, 7323.5
80, 7325
283, 7327.9
360, 7331.1
270, 7331.3
305, 7331.6
300, 7337.1
90, 7342.9
104, 7348.6
41, 7349.4
170, 7361.2
276, 7378.3
0, 7382.1
22, 7384.9
317, 7385.2
279, 7397.2
283, 7412.4
314, 7416.7
227, 7430.8
42, 7433.7
323, 7447.9
79, 7450.6
137, 7459.4
369, 7460.5
147, 7460.6
41, 7463.4
158, 7464.5
266, 7473.9
265, 7474.2
377, 7474.5
83, 7478.5
97, 7482.1
329, 7489.1
141, 7489.5
380, 7490.7
382, 7499
176, 7505.5
383, 7518.6
5, 7519.4
201, 7519.4
293, 7519.4
217, 7519.7
25, 7520.7
215, 7520.9
360, 7521.3
234, 7521.4
297, 7521.6
184, 7521.7
69, 7521.8
251, 7522
229, 7522.2
276, 7522.3
226, 7522.4
285, 7523.1
261, 7525
98, 7525.4
176, 7525.8
22, 7526
185, 7526.2
343, 7527
241, 7527
133, 7527.3
326, 7527.4
152, 7527.5
250, 7527.6
363, 7528.1
3, 7528.3
275, 7528.6
124, 7528.8
267, 7529.2
362, 7529.2
74, 7529.5
260, 7529.8
178, 7530.2
322, 7530.8
383, 7531.2
58, 7532
271, 7532.1
23, 7532.2
139, 7533.1
133, 7538.3
168, 7539.5
341, 7539.6
107, 7540.3
216, 7540.3
259, 7542.1
271, 7543.2
55, 7546.1
96, 7552.1
57, 7555.6
248, 7556.1
282, 7556.8
168, 7561
362, 7561
361, 7561.9
162, 7564.2
130, 7574.7
255, 7584.9
235, 7596.6
299, 7597.9
343, 7606.2
324, 7606.7
223, 7607.3
56, 7608.4
88, 7610.2
293, 7610.6
68, 7611.1
199, 7616.9
155, 7619.6
296, 7623.8
119, 7626
267, 7634.5
328, 7639.4
128, 7640.2
0, 7648.9
190, 7649.3
1, 7651.8
242, 7653.2
150, 7654.4
190, 7657.2
371, 7659.2
90, 7659.4
48, 7664.9
239, 7665.6
262, 7665.7
276, 7672
12, 7674.3
6, 7676.5
363, 7678.1
4, 7681.9
20, 7693.4
312, 7694.9
99, 7698.5
223, 7698.5
355, 7708.2
207, 7710.4
5, 7716.6
31, 7720.8
39, 7726
311, 7733.1
331, 7735.8
249, 7737.3
177, 7740.9
52, 7749.7
262, 7751.6
14, 7761.2
376, 7762
188, 7762.5
293, 7762.7
369, 7782.9
381, 7784.4
360, 7789.1
160, 7794.7
77, 7808.5
192, 7814.4
360, 7821.1
329, 7826.2
310, 7826.6
375, 7831.7
333, 7835.6
186, 7836.2
75, 7839
120, 7845
365, 7851.4
11, 7851.6
265, 7854.2
116, 7859.1
248, 7864.9
306, 7871.9
113, 7882
208, 7886.1
216, 7894.2
179, 7898.3
83, 7906.1
52, 7908.9
26, 7910.7
110, 7919.6
268, 7935.7
146, 7937.4
98, 7942.1
98, 7951.4
136, 7956.8
209, 7964.6
189, 7966.5
88, 7967.3
208, 7971.1
73, 7991.7
350, 8001.8
58, 8002.4
165, 8002.7
156, 8008.3
357, 8011.4
317, 8012.3
185, 8014
125, 8014.9
58, 8017
44, 8017.4
5, 8018
293, 8019
360, 8019
357, 8019.1
201, 8019.4
234, 8019.5
217, 8019.7
261, 8019.8
165, 8020
185, 8020.2
25, 8020.9
215, 8020.9
297, 8021.6
184, 8021.8
69, 8021.8
251, 8022
226, 8022.4
276, 8022.5
229, 8022.6
317, 8022.8
74, 8022.9
125, 8022.9
285, 8023.1
294, 8023.3
98, 8025.2
242, 8025.3
156, 8025.4
115, 8025.9
363, 8026.4
327, 8026.7
152, 8027.4
267, 8027.4
326, 8027.5
241, 8027.6
250, 8027.6
22, 8027.9
343, 8027.9
174, 8027.9
362, 8028.1
275, 8028.6
124, 8028.8
3, 8029.1
5, 8029.3
178, 8030.1
375, 8030.3
185, 8030.4
216, 8031.1
23, 8032
260, 8032.1
150, 8032.9
139, 8033.2
81, 8033.7
360, 8036.4
293, 8038.4
341, 8040
3, 8040.3
322, 8041.3
379, 8041.8
55, 8044
352, 8044.6
45, 8053.4
379, 8055.4
3, 8056.7
229, 8059.3
295, 8059.6
378, 8059.8
179, 8065.6
232, 8069
304, 8077.3
90, 8093.8
295, 8103.2
6, 8110.7
288, 8112.1
299, 8118
289, 8125.5
22, 8131.6
377, 8139.2
2, 8140.8
361, 8143.7
31, 8150.4
281, 8154.8
81, 8159.1
289, 8164.2
245, 8200.1
30, 8202.5
194, 8210.2
234, 8214
183, 8224.4
246, 8226.9
181, 8228.1
6, 8228.6
121, 8249.3
293, 8256
167, 8259
67, 8270.4
106, 8271.2
66, 8279.8
345, 8294.6
272, 8301.4
299, 8309.9
173, 8313.3
340, 8314.8
315, 8327
193, 8330.2
43, 8333.9
271, 8339.4
184, 8339.6
170, 8340.5
98, 8344
254, 8348.4
104, 8349.4
318, 8362.7
232, 8378.8
298, 8383.5
72, 8385.9
133, 8389.5
118, 8403.9
149, 8405.1
259, 8406.7
106, 8408.4
230, 8410.1
42, 8413.2
330, 8414.8
364, 8426.9
358, 8428.6
118, 8430.5
168, 8431.2
37, 8433.6
237, 8434.6
118, 8440
118, 8453
247, 8481
93, 8487.3
66, 8493.6
260, 8498.2
321, 8499.6
354, 8506
303, 8510.4
34, 8513.1
304, 8514.8
354, 8517.6
5, 8518.1
260, 8518.2
297, 8518.6
303, 8518.9
293, 8519
234, 8519.1
201, 8519.4
360, 8519.5
261, 8519.8
217, 8519.8
185, 8520
58, 8520.8
25, 8520.9
215, 8520.9
184, 8521
69, 8521.9
125, 8522
251, 8522
379, 8522.1
23, 8522.2
226, 8522.4
229, 8522.4
74, 8522.8
216, 8522.9
285, 8523.1
276, 8523.2
294, 8523.2
166, 8524.5
98, 8524.8
192, 8525.8
115, 8526
242, 8526.3
187, 8526.4
327, 8526.6
22, 8527
152, 8527.4
250, 8527.6
241, 8527.7
3, 8527.8
174, 8527.8
363, 8527.8
326, 8527.9
275, 8528.6
124, 8528.8
267, 8528.9
362, 8529.5
343, 8529.8
5, 8530
178, 8530.1
149, 8530.9
232, 8531.6
120, 8532.5
139, 8533.1
259, 8533.2
297, 8533.8
106, 8535.7
185, 8536.1
42, 8537.6
234, 8537.8
358, 8537.9
293, 8538.6
341, 8541.1
192, 8541.3
123, 8542.2
375, 8542.4
55, 8543.5
355, 8545.6
185, 8546.7
367, 8557.8
273, 8581.4
186, 8583.7
106, 8584.4
66, 8585.8
322, 8586.6
109, 8589.5
311, 8591.8
119, 8594.4
127, 8595.8
180, 8596.1
65, 8599.7
316, 8600.5
103, 8602.1
285, 8611.9
204, 8615
55, 8615.2
26, 8623.8
98, 8629.6
298, 8630
72, 8630.4
223, 8640.5
196, 8651.8
380, 8656.6
146, 8658.1
334, 8680.6
171, 8682.8
84, 8685
372, 8690.3
268, 8691.1
99, 8700.9
11, 8704
221, 8704.9
219, 8705.7
71, 8712
16, 8717.7
349, 8723.1
219, 8727.4
33, 8742.5
219, 8745.7
336, 8751.6
382, 8753.5
253, 8753.6
350, 8755.3
169, 8756.9
274, 8766.1
292, 8768.7
157, 8772.4
5, 8775.9
131, 8785.1
202, 8816.8
376, 8820
304, 8822.3
17, 8828.7
290, 8829.7
166, 8835.7
175, 8835.8
353, 8837.2
246, 8840.1
302, 8853.6
93, 8864.4
211, 8865
21, 8866
378, 8871.4
368, 8895.2
34, 8899.5
236, 8901.9
108, 8910.5
341, 8924
116, 8934.8
95, 8941.4
37, 8953.3
199, 8961
193, 8966.5
270, 8967
295, 8979.9
162, 8982.3
17, 8992.4
71, 8994.8
332, 8995.7
41, 9001.9
287, 9002.5
4, 9005.2
5, 9017.1
58, 9018.4
297, 9018.5
201, 9018.8
4, 9019.3
293, 9019.3
234, 9019.4
276, 9019.5
360, 9019.5
261, 9019.8
217, 9019.8
185, 9019.9
98, 9020.7
25, 9020.9
215, 9020.9
184, 9021.6
358, 9021.6
69, 9021.8
251, 9022
23, 9022.1
125, 9022.2
379, 9022.3
226, 9022.4
21, 9022.5
285, 9022.5
11, 9022.6
229, 9022.6
74, 9022.8
216, 9023.1
294, 9023.2
180, 9024.5
364, 9024.6
201, 9024.8
115, 9025.8
5, 9026
339, 9026.1
187, 9026.3
258, 9026.3
242, 9026.5
327, 9026.6
71, 9027.1
152, 9027.4
326, 9027.5
250, 9027.6
241, 9027.8
17, 9027.9
174, 9027.9
363, 9028
22, 9028.3
275, 9028.6
124, 9028.8
3, 9028.9
267, 9029.2
362, 9029.7
341, 9029.7
178, 9030.1
343, 9030.1
260, 9030.5
58, 9031.6
55, 9032.1
212, 9032.3
139, 9033.1
297, 9033.1
120, 9033.6
258, 9033.7
322, 9033.9
201, 9034.2
308, 9035.1
149, 9041.5
121, 9046.6
138, 9047
319, 9049.5
258, 9054.5
8, 9061.3
238, 9062.4
156, 9067.7
375, 9071.7
262, 9072
344, 9080.9
315, 9083
62, 9084
76, 9093.4
224, 9108.1
148, 9109.1
68, 9111.3
152, 9121.6
65, 9123.3
179, 9126.7
225, 9130.1
231, 9130.4
289, 9133.8
210, 9141.7
140, 9145.3
201, 9146.3
60, 9149.5
301, 9179.3
372, 9179.8
273, 9186.3
183, 9199
322, 9199.8
130, 9200.9
93, 9205.7
254, 9207.2
304, 9213.1
205, 9214
179, 9220.7
215, 9222.3
114, 9225.2
222, 9240.6
150, 9241.7
67, 9243.2
374, 9256.9
351, 9258.5
110, 9259.5
12, 9260.2
259, 9266.8
328, 9273.1
310, 9274
89, 9278
90, 9278.4
328, 9280.3
31, 9284.4
375, 9284.5
362, 9290.2
317, 9291.1
328, 9293.8
108, 9299.4
128, 9310.3
345, 9321.7
229, 9331.1
264, 9366.2
377, 9371.3
159, 9372.7
163, 9389.1
51, 9393.7
370, 9399.2
294, 9400.3
188, 9406.6
47, 9407
165, 9411.1
294, 9414.2
134, 9425.7
294, 9427
191, 9430.8
319, 9445.1
199, 9446
320, 9448.4
273, 9458.5
286, 9459.6
91, 9461.5
118, 9471.4
96, 9471.9
165, 9481.6
280, 9489.2
154, 9497.3
281, 9498.4
91, 9502.7
161, 9509.7
281, 9512.5
304, 9514.7
145, 9514.9
228, 9515.3
5, 9517.2
71, 9517.5
211, 9517.8
276, 9517.8
293, 9518.2
6, 9518.3
58, 9518.4
91, 9518.5
297, 9518.5
201, 9519.1
294, 9519.1
226, 9519.2
98, 9519.3
234, 9519.4
360, 9519.6
362, 9519.7
261, 9519.8
217, 9519.8
281, 9520
185, 9520.1
215, 9520.5
25, 9520.9
3, 9521.3
115, 9521.6
149, 9521.7
184, 9521.7
358, 9521.8
69, 9521.8
229, 9521.9
251, 9522
275, 9522.1
23, 9522.1
125, 9522.3
379, 9522.4
74, 9522.8
228, 9523
285, 9523
216, 9523.1
11, 9523.1
21, 9523.2
213, 9524.3
354, 9524.4
129, 9524.6
364, 9524.9
180, 9525.1
258, 9525.6
152, 9526
339, 9526.1
187, 9526.3
5, 9526.4
257, 9526.4
327, 9526.6
242, 9526.7
71, 9526.9
362, 9527
326, 9527.5
250, 9527.6
241, 9527.8
174, 9527.9
253, 9528
363, 9528.1
151, 9528.3
22, 9528.7
332, 9528.8
124, 9528.8
50, 9529
276, 9529.2
267, 9529.3
178, 9530.1
375, 9530.1
343, 9530.5
154, 9531
319, 9531.1
150, 9531.4
293, 9531.5
58, 9531.7
322, 9531.7
6, 9531.8
260, 9532.4
68, 9532.6
104, 9532.6
297, 9533.1
139, 9533.2
130, 9533.4
120, 9533.9
259, 9534.3
341, 9534.5
211, 9534.9
308, 9534.9
114, 9536.4
294, 9536.6
55, 9538.1
201, 9538.9
226, 9539.7
360, 9539.9
65, 9540.6
253, 9540.6
288, 9540.8
332, 9541.1
98, 9541.8
362, 9548.4
360, 9551.5
277, 9558.3
89, 9561.5
206, 9562.8
377, 9564.2
133, 9565.5
150, 9572.5
70, 9575.2
302, 9587.1
150, 9590
289, 9596.5
202, 9598.4
169, 9608.4
86, 9610.3
353, 9612.5
132, 9615.7
88, 9618.6
333, 9620.1
145, 9627
40, 9632.2
149, 9643
357, 9653.1
39, 9660.5
114, 9660.6
87, 9664.1
302, 9665.8
231, 9666.7
204, 9674.3
118, 9678.4
101, 9686.3
271, 9688.2
45, 9692.2
67, 9698.6
283, 9708.9
67, 9713
21, 9715.8
121, 9719.9
58, 9720.1
67, 9725.8
10, 9734.2
95, 9740.9
146, 9750.7
123, 9751
276, 9751.2
128, 9760.9
71, 9767
197, 9767.4
273, 9771.5
216, 9787.1
365, 9791.7
74, 9794.3
324, 9794.4
329, 9795.6
211, 9797.1
82, 9801.3
47, 9812
34, 9821.6
138, 9823.1
67, 9832
218, 9832
361, 9832.2
75, 9833.2
128, 9837.9
212, 9838.5
67, 9841.5
195, 9842.1
354, 9848.8
229, 9855.2
143, 9861.8
72, 9865.8
187, 9867.4
159, 9870.5
202, 9881.9
105, 9883.3
15, 9888.1
226, 9890.1
362, 9891.3
320, 9891.8
196, 9898.4
162, 9900.6
112, 9907.7
191, 9916.8
53, 9930.2
295, 9930.3
362, 9936.1
304, 9952.1
281, 9954.3
234, 9958.5
323, 9959.1
363, 9961.1
69, 9971.5
375, 9982.8
123, 9983.2
16, 9988.4
32, 9994.3
307, 10012.9
318, 10016.5
240, 10017
5, 10017.2
276, 10017.5
58, 10018.2
293, 10018.2
297, 10018.5
226, 10018.8
234, 10019.1
98, 10019.3
201, 10019.3
294, 10019.3
360, 10019.4
184, 10019.7
261, 10019.8
217, 10019.8
285, 10020.1
185, 10020.2
190, 10020.6
215, 10020.8
25, 10020.9
69, 10021.1
187, 10021.1
149, 10021.3
3, 10021.3
336, 10021.4
115, 10021.6
343, 10021.7
358, 10021.8
229, 10021.8
74, 10022
275, 10022
251, 10022
23, 10022.1
216, 10022.3
125, 10022.3
379, 10022.4
21, 10022.7
11, 10023.2
354, 10023.3
80, 10023.4
319, 10023.4
213, 10024.2
129, 10024.6
364, 10025
180, 10025.2
26, 10025.3
307, 10025.3
318, 10025.9
339, 10026
140, 10026
363, 10026.2
257, 10026.3
258, 10026.3
5, 10026.4
362, 10026.5
242, 10026.6
327, 10026.6
152, 10027.1
375, 10027.4
326, 10027.5
250, 10027.6
241, 10027.8
276, 10027.9
174, 10027.9
151, 10028.2
22, 10028.7
50, 10028.8
124, 10028.8
267, 10029.4
226, 10029.9
178, 10030.1
58, 10030.3
190, 10030.7
293, 10031.6
150, 10031.9
76, 10031.9
104, 10032.8
260, 10032.9
297, 10033.2
139, 10033.3
323, 10033.8
120, 10034
308, 10034.8
114, 10038
226, 10038.1
68, 10038.7
341, 10039.1
234, 10040.1
55, 10041.8
134, 10042.3
98, 10043.1
83, 10045
322, 10045
284, 10046.4
92, 10047.6
115, 10052.1
144, 10061.4
204, 10072.8
78, 10085.6
46, 10095.5
28, 10117.1
125, 10117.1
70, 10134.2
296, 10135.5
307, 10136.9
346, 10137.8
5, 10145.1
321, 10158
138, 10160.9
305, 10168.2
30, 10172.9
278, 10190.1
44, 10190.8
275, 10196.2
335, 10200.8
119, 10201.1
179, 10205.7
351, 10208.8
251, 10233.3
6, 10234
200, 10237.5
376, 10238.1
215, 10243.5
322, 10254.2
271, 10277.3
195, 10287.9
318, 10292.8
262, 10295
67, 10299.4
223, 10310.9
234, 10323.1
320, 10323.6
184, 10325.4
236, 10335.9
236, 10343.4
333, 10352.8
92, 10359.2
236, 10366.2
304, 10374.4
47, 10387
133, 10389.4
266, 10410.5
182, 10412.2
86, 10422.7
283, 10424.9
234, 10431.4
329, 10433.2
265, 10434.1
308, 10438.2
155, 10453.5
135, 10455.3
119, 10464.6
275, 10466.4
331, 10466.6
319, 10466.8
188, 10469.2
237, 10471.6
117, 10478.1
63, 10485.9
180, 10490.1
354, 10499.1
358, 10508.8
318, 10509
171, 10515.5
332, 10515.7
358, 10515.7
354, 10516.8
5, 10517.1
276, 10517.7
318, 10518.1
293, 10518.2
58, 10518.4
297, 10518.5
181, 10518.7
226, 10518.9
234, 10519
98, 10519.3
184, 10519.3
201, 10519.4
125, 10519.4
294, 10519.4
360, 10519.5
74, 10519.6
261, 10519.8
217, 10519.8
285, 10520
133, 10520.1
185, 10520.2
215, 10520.4
379, 10520.6
180, 10520.7
174, 10520.9
25, 10521
115, 10521.3
275, 10521.3
3, 10521.3
251, 10521.4
69, 10521.5
149, 10521.6
76, 10521.6
187, 10521.6
343, 10521.7
110, 10521.8
23, 10522.2
229, 10522.5
319, 10522.8
216, 10523
11, 10523.2
21, 10523.3
213, 10524.2
129, 10524.6
358, 10525
364, 10525
171, 10525.1
26, 10525.2
332, 10525.3
106, 10525.9
339, 10526
5, 10526.1
140, 10526.1
257, 10526.3
379, 10526.4
258, 10526.4
327, 10526.6
242, 10526.7
363, 10527.2
152, 10527.5
326, 10527.5
250, 10527.6
241, 10527.8
362, 10528.2
151, 10528.4
276, 10528.8
50, 10528.8
22, 10528.9
124, 10528.9
308, 10529
133, 10529.1
267, 10529.4
178, 10530.1
322, 10531.1
181, 10531.3
110, 10531.5
58, 10531.6
293, 10531.6
354, 10532.7
104, 10532.8
260, 10533
297, 10533.1
139, 10533.3
120, 10534
78, 10534.5
234, 10535.5
379, 10535.5
226, 10535.8
375, 10536.5
13, 10541.3
341, 10541.9
125, 10542
42, 10542.6
98, 10543.4
68, 10545
62, 10545.9
150, 10547.6
155, 10550.3
30, 10551.6
233, 10552.1
117, 10557.6
161, 10558.8
76, 10561.6
132, 10565.3
28, 10570.4
237, 10572.4
63, 10595.2
341, 10595.6
178, 10602.9
339, 10604.5
70, 10614.5
170, 10622.8
227, 10622.8
359, 10625.8
52, 10629.5
324, 10634.2
272, 10639.3
381, 10649.3
225, 10649.4
145, 10649.6
320, 10655.8
271, 10658.4
101, 10662.4
189, 10671
242, 10676.9
26, 10679
332, 10690.6
90, 10693
160, 10693.2
202, 10694.3
81, 10699.3
147, 10701.2
160, 10703.1
133, 10704.1
129, 10719.9
331, 10720.3
330, 10721.2
114, 10730.9
297, 10741.6
343, 10750.4
287, 10751.4
309, 10756.2
61, 10764.7
304, 10775.3
173, 10783.4
368, 10792.7
29, 10797.5
94, 10803.7
269, 10804.4
118, 10807.6
88, 10812.1
324, 10818
75, 10820.3
185, 10823.4
104, 10832.3
26, 10837.6
222, 10840.4
119, 10843.4
341, 10858.3
133, 10865.9
105, 10867.4
37, 10879.4
287, 10882.6
54, 10883.8
312, 10888.8
92, 10890
376, 10899.9
276, 10904.5
139, 10905.7
127, 10921.5
186, 10935.8
231, 10958.5
1, 10959.2
268, 10990.2
27, 10993.7
47, 10997.5
253, 11001.9
5, 11017.2
276, 11017.5
125, 11017.8
293, 11018.2
221, 11018.3
297, 11018.3
58, 11018.4
25, 11018.8
226, 11019.1
98, 11019.3
234, 11019.3
201, 11019.4
319, 11019.4
294, 11019.5
74, 11019.6
184, 11019.6
360, 11019.6
185, 11019.7
261, 11019.8
253, 11019.8
217, 11019.8
285, 11020
140, 11020.8
215, 11020.8
27, 11020.9
174, 11020.9
267, 11021
343, 11021.1
76, 11021.2
3, 11021.3
115, 11021.5
358, 11021.5
149, 11021.7
69, 11021.7
187, 11021.7
275, 11021.8
251, 11021.9
379, 11022
23, 11022.2
229, 11022.7
216, 11023.1
11, 11023.2
21, 11023.5
26, 11023.5
129, 11023.6
354, 11024
213, 11024.2
180, 11024.7
186, 11024.8
364, 11025
339, 11025.1
242, 11025.3
49, 11025.4
106, 11025.9
257, 11026.3
5, 11026.4
258, 11026.5
252, 11026.5
327, 11026.6
152, 11027.5
326, 11027.5
250, 11027.6
276, 11027.8
241, 11027.8
363, 11027.9
104, 11028
139, 11028.1
178, 11028.1
125, 11028.3
151, 11028.4
341, 11028.7
50, 11028.8
22, 11028.9
124, 11028.9
362, 11029.4
92, 11029.7
218, 11029.8
202, 11030
132, 11031.2
297, 11031.4
293, 11031.6
58, 11031.7
308, 11031.8
260, 11033
120, 11034
171, 11034.1
25, 11034.4
114, 11035.8
221, 11037
226, 11037.9
322, 11042.4
218, 11042.5
98, 11043.3
155, 11044.3
56, 11044.5
68, 11046.6
49, 11052.8
79, 11057
114, 11077
256, 11082
66, 11084.8
91, 11089.5
186, 11090.9
319, 11091.1
60, 11107.3
93, 11128.4
294, 11136.7
132, 11137.2
95, 11145.4
60, 11152.7
149, 11157.8
182, 11164.2
356, 11167.7
24, 11167.7
338, 11170.8
260, 11174.9
315, 11177.2
260, 11184.5
27, 11189.3
358, 11191
56, 11191
47, 11207.9
310, 11210.2
275, 11210.7
61, 11231.3
119, 11233.3
319, 11240.5
278, 11243.1
298, 11244.7
44, 11245.7
36, 11246.3
110, 11253.8
182, 11254
148, 11254.9
63, 11259
141, 11262.7
34, 11263.3
40, 11266.3
354, 11267
10, 11268.3
332, 11269.9
132, 11282.7
380, 11282.7
320, 11293.3
51, 11294.6
138, 11300.9
18, 11302
235, 11302.1
298, 11303.6
195, 11311.4
167, 11311.8
281, 11317
242, 11317.5
26, 11319
200, 11321
321, 11323
230, 11331.3
342, 11333.2
212, 11339.4
92, 11339.6
43, 11345.6
4, 11360
261, 11364.4
251, 11364.7
301, 11371
285, 11374.4
53, 11378.8
22, 11384.4
364, 11394.3
324, 11394.6
38, 11396.9
367, 11398.5
245, 11402.9
286, 11406
333, 11407.5
28, 11410.3
141, 11410.6
280, 11413.1
340, 11415.9
99, 11420.7
199, 11421.6
62, 11429.4
246, 11435.4
153, 11435.6
324, 11441.7
258, 11442.5
144, 11451.5
381, 11456.6
118, 11465
307, 11468.7
377, 11474.3
155, 11479.9
243, 11482.8
305, 11485.4
241, 11486.5
228, 11490.8
37, 11504.7
153, 11506.7
289, 11507.3
12, 11516.1
293, 11516.9
5, 11517.2
37, 11517.2
276, 11517.7
125, 11517.8
58, 11518.4
360, 11518.4
297, 11518.5
25, 11518.8
3, 11518.9
319, 11519
226, 11519.1
294, 11519.2
98, 11519.3
261, 11519.3
201, 11519.4
234, 11519.4
285, 11519.6
74, 11519.7
184, 11519.7
217, 11519.8
241, 11519.9
185, 11520.1
354, 11520.6
140, 11520.7
267, 11520.9
174, 11520.9
215, 11520.9
129, 11521
289, 11521.1
149, 11521.3
358, 11521.3
251, 11521.3
275, 11521.5
343, 11521.5
76, 11521.5
115, 11521.6
259, 11521.6
187, 11521.7
47, 11521.8
69, 11521.8
153, 11522.1
23, 11522.2
379, 11522.3
229, 11522.7
274, 11522.8
216, 11523.1
323, 11523.1
228, 11523.2
11, 11523.2
21, 11523.5
364, 11523.6
26, 11523.7
213, 11524.2
242, 11524.8
258, 11524.9
186, 11525.1
180, 11525.1
293, 11525.8
339, 11525.9
106, 11525.9
12, 11526
22, 11526.1
257, 11526.3
341, 11526.3
5, 11526.4
252, 11526.4
327, 11526.6
152, 11527.5
250, 11527.6
326, 11527.7
363, 11528
125, 11528.3
355, 11528.4
151, 11528.4
210, 11528.6
260, 11528.7
276, 11528.8
124, 11528.8
50, 11529.1
35, 11529.2
92, 11529.6
362, 11529.7
178, 11529.8
133, 11530.9
139, 11531.2
104, 11531.3
58, 11531.7
360, 11532.1
297, 11533
202, 11533.8
120, 11534
17, 11534.6
25, 11534.6
308, 11534.8
47, 11534.9
341, 11535
31, 11535.7
3, 11536.2
27, 11537.3
319, 11538.2
261, 11540
226, 11540.2
294, 11541.7
171, 11541.8
98, 11543.3
355, 11549
101, 11551.3
221, 11553.5
31, 11554.1
135, 11563.7
141, 11568.2
218, 11578.1
32, 11589
322, 11592.9
105, 11594.5
41, 11598.7
301, 11598.8
271, 11607.3
302, 11608.2
302, 11618.5
280, 11620.8
175, 11624.6
306, 11634
194, 11635
64, 11641.1
178, 11647.2
320, 11650.9
289, 11651.9
337, 11659.7
12, 11662.3
55, 11668.9
119, 11683.9
147, 11686.4
326, 11701.3
150, 11706.5
39, 11718.8
210, 11720.9
38, 11722.5
380, 11724.5
173, 11728.4
39, 11728.9
194, 11729.9
97, 11737
177, 11737.2
39, 11740.9
95, 11741.9
13, 11745.6
259, 11745.7
82, 11749.4
259, 11753.7
259, 11765.5
134, 11767.4
157, 11770.2
155, 11780.5
222, 11799.8
205, 11800.1
309, 11807.5
364, 11817.9
109, 11827.3
209, 11829.6
379, 11839
277, 11843.1
3, 11845
298, 11847
166, 11849.8
190, 11855
27, 11858.6
348, 11858.6
356, 11861.3
232, 11864.3
253, 11866.2
248, 11866.3
67, 11875.2
371, 11882.2
16, 11888
130, 11888.3
21, 11890.9
241, 11901.8
357, 11908
227, 11912.6
185, 11913.3
317, 11917.9
281, 11918.8
292, 11923.6
133, 11931.9
34, 11932.2
362, 11933.1
315, 11934.9
98, 11936.5
144, 11941.4
139, 11945.2
315, 11955.9
90, 11957
92, 11958.7
48, 11966.2
315, 11973.5
300, 11976.6
186, 11983.9
114, 11985.2
9, 11990.5
230, 11999.1
367, 12009.9
259, 12014.4
147, 12014.7
125, 12016.7
293, 12016.9
214, 12017
5, 12017.2
360, 12017.4
201, 12017.7
261, 12017.7
276, 12017.7
98, 12017.9
58, 12018.4
3, 12018.5
185, 12018.5
297, 12018.5
25, 12018.8
358, 12019.1
229, 12019.1
226, 12019.2
275, 12019.2
234, 12019.4
294, 12019.4
319, 12019.4
74, 12019.7
184, 12019.7
217, 12019.8
285, 12019.9
259, 12020.1
180, 12020.2
22, 12020.5
140, 12020.7
267, 12020.9
174, 12020.9
215, 12020.9
241, 12020.9
354, 12021
129, 12021.1
367, 12021.3
115, 12021.6
149, 12021.6
343, 12021.6
76, 12021.6
379, 12021.6
187, 12021.7
69, 12021.8
251, 12021.8
23, 12022.2
21, 12022.5
274, 12022.7
186, 12022.9
323, 12023.1
216, 12023.2
11, 12023.2
316, 12023.6
364, 12023.6
98, 12023.7
213, 12024.2
147, 12024.4
125, 12024.6
283, 12024.8
26, 12024.9
265, 12025.3
293, 12025.8
57, 12025.8
258, 12025.8
326, 12025.9
106, 12025.9
135, 12025.9
339, 12026
242, 12026.2
257, 12026.3
210, 12026.4
252, 12026.4
5, 12026.5
327, 12026.6
362, 12027
360, 12027.2
152, 12027.5
250, 12027.6
310, 12027.7
114, 12027.8
266, 12027.8
178, 12027.9
363, 12028.1
259, 12028.2
261, 12028.2
133, 12028.4
151, 12028.4
201, 12028.5
139, 12028.7
214, 12028.9
276, 12028.9
124, 12028.9
264, 12028.9
50, 12029
35, 12029.1
130, 12031
92, 12031.2
185, 12031.5
58, 12031.7
55, 12031.8
260, 12031.8
356, 12031.9
150, 12032
3, 12032
232, 12032.1
273, 12032.1
98, 12032.5
104, 12032.5
297, 12033.1
341, 12033.3
27, 12033.6
120, 12034
316, 12034
337, 12034
14, 12034
17, 12034.3
322, 12034.3
25, 12034.6
114, 12034.9
202, 12035.3
308, 12035.4
229, 12038
358, 12038.6
226, 12040.4
264, 12041.4
114, 12051.3
261, 12054.9
369, 12058.7
152, 12059.8
284, 12059.9
110, 12081
134, 12085
221, 12093.5
318, 12094.5
158, 12099.1
356, 12109.2
337, 12112.5
114, 12112.9
284, 12113
269, 12114.7
15, 12114.8
103, 12116.1
242, 12118.1
60, 12124.3
126, 12128.6
211, 12131.8
152, 12138.1
59, 12147.9
222, 12151.5
288, 12154.7
141, 12163.9
246, 12172.7
154, 12174.9
99, 12183.9
14, 12185.2
3, 12186.8
205, 12187.7
318, 12206.7
272, 12226
33, 12229.9
264, 12233.5
147, 12237.7
134, 12247.4
356, 12249.3
179, 12252.3
43, 12256.2
78, 12258.6
313, 12261
34, 12263.7
273, 12266.4
102, 12268.4
166, 12268.5
244, 12271.9
62, 12283.7
45, 12288
341, 12288.1
4, 12289
87, 12289
195, 12295
284, 12308.2
381, 12311.5
8, 12312.5
36, 12320.6
135, 12323.1
137, 12330
18, 12334.3
4, 12335.4
251, 12337.1
244, 12337.4
281, 12349.1
306, 12355.2
169, 12367
129, 12369.1
272, 12370
145, 12370.6
291, 12371
42, 12374.7
280, 12389.3
282, 12391
332, 12392.6
91, 12396.6
154, 12400.2
211, 12403.6
287, 12415.8
116, 12429.4
358, 12432.5
253, 12440.7
195, 12443.3
209, 12452.5
332, 12458.2
280, 12459.6
39, 12470.1
26, 12484
53, 12489.8
112, 12490.2
356, 12493.3
232, 12495.1
347, 12506
200, 12507
117, 12509.2
182, 12513.6
343, 12514.1
319, 12515.5
5, 12516.6
125, 12516.7
293, 12516.9
360, 12517.4
117, 12517.5
226, 12517.6
261, 12517.6
201, 12517.7
276, 12517.7
347, 12518.1
259, 12518.3
58, 12518.4
297, 12518.5
3, 12518.6
185, 12518.7
25, 12518.8
358, 12518.8
98, 12519.1
229, 12519.1
275, 12519.2
234, 12519.4
21, 12519.5
294, 12519.5
232, 12519.6
74, 12519.7
184, 12519.7
356, 12519.7
217, 12519.8
285, 12520
180, 12520.2
129, 12520.5
22, 12520.6
35, 12520.7
343, 12520.7
140, 12520.7
135, 12520.8
267, 12520.9
174, 12520.9
215, 12520.9
354, 12521.1
251, 12521.3
241, 12521.5
319, 12521.5
258, 12521.5
115, 12521.6
76, 12521.6
149, 12521.7
187, 12521.7
69, 12521.8
200, 12521.8
278, 12522
210, 12522.1
23, 12522.2
379, 12522.2
26, 12522.5
274, 12522.7
323, 12523.1
216, 12523.2
11, 12523.2
168, 12523.3
70, 12523.5
292, 12524
213, 12524.2
5, 12524.6
125, 12524.6
262, 12524.7
283, 12524.7
364, 12524.7
265, 12525.3
242, 12525.5
186, 12525.6
152, 12525.7
57, 12525.7
293, 12525.8
106, 12525.9
339, 12526.1
257, 12526.3
252, 12526.4
327, 12526.6
326, 12527.2
360, 12527.3
226, 12527.6
250, 12527.6
266, 12527.7
117, 12527.7
261, 12527.8
310, 12528
273, 12528.1
363, 12528.1
119, 12528.2
151, 12528.4
201, 12528.5
362, 12528.6
124, 12528.8
276, 12528.9
50, 12529
14, 12529.3
244, 12529.6
178, 12529.7
182, 12529.9
341, 12530
133, 12530.9
319, 12530.9
139, 12531
78, 12531.5
259, 12531.6
58, 12531.7
104, 12532.7
260, 12532.7
343, 12532.7
3, 12532.8
297, 12533.1
185, 12533.4
358, 12533.7
120, 12534
256, 12534
17, 12534.3
337, 12534.4
25, 12534.6
87, 12534.7
324, 12534.8
262, 12534.9
92, 12535.2
308, 12535.5
202, 12535.6
114, 12536.2
98, 12536.6
42, 12536.6
294, 12537.4
117, 12537.6
154, 12538.2
229, 12538.5
55, 12539.3
179, 12546.9
294, 12548.5
150, 12550.3
283, 12551.4
43, 12555.5
236, 12560.1
169, 12561
60, 12563.8
202, 12567.4
314, 12568.2
237, 12579.8
268, 12581.6
213, 12585.2
30, 12587.6
203, 12594.4
26, 12596.3
96, 12598.6
355, 12608.1
74, 12609.4
44, 12614.1
124, 12622.8
155, 12624.4
113, 12631.6
235, 12637.3
121, 12647.7
289, 12656.3
249, 12669.5
311, 12688
64, 12694.2
61, 12695.8
358, 12698.4
174, 12698.7
208, 12708.5
180, 12711.7
86, 12713.2
0, 12714.3
59, 12717.9
343, 12718.7
364, 12724.3
331, 12729.3
173, 12731.6
27, 12735.4
265, 12736
380, 12738.2
344, 12756.6
379, 12757.8
354, 12758.5
339, 12762
275, 12766.8
243, 12768.1
223, 12775.5
14, 12776.6
3, 12777
317, 12781.7
205, 12786.2
123, 12788.5
227, 12790.1
346, 12795.1
50, 12796.1
93, 12799
164, 12800.3
249, 12801.6
319, 12803.4
29, 12805.5
14, 12807.7
356, 12812.2
56, 12814.5
238, 12815.5
164, 12828.7
10, 12830.4
281, 12840.3
102, 12847
141, 12849.3
107, 12854.9
190, 12867.2
70, 12872.3
56, 12880.5
44, 12886
60, 12887.6
227, 12893
71, 12893.6
360, 12898.1
107, 12904.2
199, 12911.2
218, 12915.1
330, 12915.3
382, 12916.5
297, 12918.5
269, 12919.6
288, 12922.8
197, 12927.7
89, 12930.2
128, 12931
140, 12938.2
88, 12938.6
278, 12956.9
350, 12960.9
110, 12961.3
353, 12963.4
253, 12986.3
289, 12995.1
257, 13007.1
101, 13007.7
219, 13008.4
257, 13016.1
261, 13016.5
5, 13016.6
125, 13016.7
293, 13016.9
319, 13017
101, 13017.1
259, 13017.1
360, 13017.2
342, 13017.3
226, 13017.6
201, 13017.7
276, 13017.7
83, 13018.2
297, 13018.2
58, 13018.4
3, 13018.5
25, 13018.8
358, 13018.8
185, 13018.8
275, 13018.9
229, 13019.1
98, 13019.3
294, 13019.3
74, 13019.4
234, 13019.4
21, 13019.6
184, 13019.7
180, 13019.8
217, 13019.8
285, 13020
140, 13020.3
174, 13020.5
22, 13020.6
326, 13020.6
354, 13020.6
369, 13020.6
35, 13020.7
129, 13020.9
267, 13020.9
292, 13020.9
215, 13020.9
343, 13021
50, 13021
273, 13021.1
135, 13021.2
278, 13021.4
106, 13021.5
258, 13021.5
115, 13021.6
76, 13021.6
241, 13021.6
149, 13021.7
187, 13021.7
379, 13021.7
69, 13021.8
124, 13021.9
251, 13021.9
23, 13022.2
210, 13022.2
70, 13022.4
274, 13022.7
319, 13022.9
323, 13023.1
168, 13023.2
216, 13023.2
11, 13023.2
213, 13023.6
219, 13023.7
364, 13023.9
265, 13024.1
283, 13024.1
26, 13024.2
261, 13024.3
5, 13024.6
339, 13024.6
125, 13024.6
309, 13025.4
57, 13025.7
293, 13025.8
360, 13026.1
186, 13026.2
242, 13026.4
259, 13026.4
252, 13026.4
327, 13026.6
152, 13027.1
14, 13027.3
226, 13027.6
250, 13027.6
266, 13027.7
310, 13028.1
363, 13028.1
257, 13028.3
151, 13028.4
201, 13028.5
119, 13028.5
83, 13028.6
276, 13028.9
75, 13029.2
362, 13029.5
124, 13029.5
178, 13030.2
297, 13030.6
71, 13030.8
356, 13031.3
202, 13031.3
369, 13031.3
58, 13031.7
3, 13032
319, 13032
342, 13032.2
133, 13032.5
104, 13032.8
139, 13032.8
260, 13032.9
107, 13033.8
120, 13034
358, 13034
17, 13034.3
309, 13034.4
185, 13034.5
25, 13034.6
308, 13035.5
324, 13035.6
275, 13036.5
272, 13036.5
341, 13036.7
2, 13037.9
86, 13037.9
27, 13038.1
229, 13038.5
50, 13042.3
98, 13043.2
244, 13043.4
170, 13044.8
75, 13045.4
74, 13045.8
276, 13050.5
101, 13055.3
121, 13061.1
50, 13068.9
130, 13072.2
156, 13074.6
187, 13086.5
93, 13099.1
323, 13104
103, 13114.8
63, 13128.9
264, 13142
202, 13142.9
295, 13143.3
106, 13154.9
85, 13161.3
210, 13177.5
232, 13177.8
200, 13189.8
322, 13197.7
18, 13200.4
363, 13213.5
16, 13218.3
134, 13223.9
15, 13231.9
95, 13239.2
306, 13242.2
309, 13254.2
247, 13255.9
10, 13258.4
262, 13261.2
323, 13262.9
228, 13263.1
213, 13269.7
75, 13286.1
137, 13291
146, 13303.7
235, 13310.6
323, 13323.6
313, 13324.4
259, 13334
240, 13339.7
327, 13342.7
262, 13345.1
219, 13350.1
57, 13351
19, 13356
38, 13373.2
192, 13375.4
283, 13378.1
315, 13384.8
40, 13388.2
266, 13390.5
154, 13391.2
29, 13407.5
256, 13408.9
74, 13414.2
195, 13415.9
228, 13419.8
35, 13428.5
273, 13434.8
187, 13438
359, 13439.1
343, 13440.5
291, 13454.5
96, 13454.5
243, 13455.5
368, 13456.2
97, 13478.6
211, 13486.3
124, 13489.2
25, 13495.7
71, 13496.2
298, 13508.6
80, 13515.3
25, 13515.8
261, 13516.5
5, 13516.6
7, 13516.7
125, 13516.7
259, 13516.9
293, 13516.9
71, 13517.1
298, 13517.1
360, 13517.3
226, 13517.6
276, 13517.6
201, 13517.7
294, 13517.8
200, 13518.3
58, 13518.4
297, 13518.4
135, 13518.6
3, 13518.8
185, 13518.8
273, 13518.9
50, 13518.9
275, 13519.1
358, 13519.1
229, 13519.1
74, 13519.3
98, 13519.3
319, 13519.3
234, 13519.4
241, 13519.4
21, 13519.6
184, 13519.7
216, 13519.7
217, 13519.8
285, 13520
257, 13520.1
180, 13520.1
35, 13520.2
152, 13520.3
151, 13520.5
22, 13520.6
213, 13520.6
326, 13520.6
140, 13520.6
242, 13520.8
174, 13520.8
267, 13520.9
292, 13520.9
215, 13520.9
354, 13521
129, 13521.1
343, 13521.1
106, 13521.1
187, 13521.1
339, 13521.2
324, 13521.5
258, 13521.5
115, 13521.6
76, 13521.6
114, 13521.7
149, 13521.7
210, 13521.7
278, 13521.7
323, 13521.8
69, 13521.8
124, 13521.9
2, 13522
251, 13522
23, 13522.2
379, 13522.2
101, 13522.6
274, 13522.7
168, 13523.2
11, 13523.2
42, 13523.2
70, 13523.2
283, 13523.4
150, 13524
57, 13524.1
341, 13524.2
261, 13524.3
5, 13524.6
125, 13524.6
327, 13524.7
25, 13524.8
7, 13524.8
364, 13524.8
26, 13525
265, 13525
201, 13525.4
266, 13525.4
8, 13525.5
357, 13525.6
259, 13525.7
293, 13525.8
363, 13526.2
186, 13526.3
252, 13526.4
200, 13526.7
360, 13526.9
100, 13527.3
226, 13527.6
250, 13527.6
248, 13527.9
20, 13528.1
310, 13528.1
276, 13528.3
119, 13528.5
294, 13528.8
362, 13529.7
178, 13530.3
202, 13530.4
160, 13531.1
14, 13531.4
118, 13531.5
58, 13531.7
71, 13532.2
297, 13532.2
322, 13532.3
228, 13532.4
201, 13532.6
135, 13532.6
104, 13532.8
133, 13532.9
260, 13533
139, 13533.2
120, 13534
17, 13534.3
185, 13534.6
273, 13534.7
3, 13535
232, 13535.6
308, 13535.6
50, 13536
130, 13536.3
229, 13538.7
74, 13538.8
358, 13539.3
96, 13540.8
66, 13541.4
98, 13544
118, 13547.6
275, 13551.2
148, 13553.7
306, 13557.4
50, 13558.9
260, 13559.1
228, 13561
278, 13562.4
309, 13563
103, 13568.7
118, 13575.1
298, 13576.9
204, 13582.9
118, 13596.7
26, 13598.8
334, 13600.6
89, 13601.3
315, 13604.7
39, 13610
290, 13614.4
317, 13616.2
176, 13618.9
46, 13623.9
158, 13629.4
12, 13630.5
298, 13651
208, 13653.8
47, 13655
110, 13656.5
199, 13658.5
298, 13658.8
298, 13672.8
280, 13674.7
123, 13675.1
102, 13682.1
210, 13691.9
151, 13695.9
303, 13697.1
352, 13698.5
7, 13705.1
154, 13710.7
288, 13713.2
248, 13714.8
305, 13715.5
249, 13717.9
301, 13718.8
299, 13719.5
146, 13754.2
328, 13755.6
154, 13756.4
380, 13757
338, 13767.5
170, 13774.3
156, 13777.4
196, 13785.3
185, 13789.5
1, 13802.8
204, 13808.2
74, 13810.2
20, 13814.4
366, 13821.7
238, 13823.6
265, 13828.1
361, 13835.3
377, 13841.3
289, 13855.1
67, 13855.9
223, 13858.7
379, 13863.5
41, 13865.5
297, 13881.3
264, 13881.7
171, 13889.3
137, 13892.5
205, 13894
39, 13903.1
343, 13915.3
288, 13915.5
289, 13924.8
246, 13925.2
306, 13926
209, 13929.3
14, 13930.2
352, 13931.5
159, 13942.1
74, 13946.4
198, 13947
168, 13952.6
20, 13958.9
114, 13970.5
329, 13980.1
131, 13986.9
42, 13992.5
360, 13992.8
373, 13999.5
155, 14008.1
3, 14011.9
360, 14015.6
261, 14016.5
5, 14016.6
125, 14016.7
293, 14016.9
259, 14017.1
25, 14017.6
201, 14017.6
226, 14017.6
3, 14017.6
276, 14017.7
294, 14017.8
297, 14018.2
58, 14018.4
185, 14018.5
373, 14018.5
135, 14018.6
71, 14018.8
50, 14018.9
42, 14019
267, 14019.1
273, 14019.1
358, 14019.1
229, 14019.1
74, 14019.2
275, 14019.2
98, 14019.3
241, 14019.4
319, 14019.4
234, 14019.5
21, 14019.6
216, 14019.6
184, 14019.7
265, 14019.7
217, 14019.8
26, 14020.1
285, 14020.1
151, 14020.1
257, 14020.2
180, 14020.2
152, 14020.3
35, 14020.5
22, 14020.6
326, 14020.6
364, 14020.6
140, 14020.7
242, 14020.8
292, 14020.9
343, 14020.9
174, 14020.9
215, 14020.9
114, 14021
213, 14021
129, 14021.1
354, 14021.1
362, 14021.1
155, 14021.2
104, 14021.3
339, 14021.3
106, 14021.4
324, 14021.5
187, 14021.5
379, 14021.5
115, 14021.6
76, 14021.6
124, 14021.6
210, 14021.6
278, 14021.6
258, 14021.6
149, 14021.7
186, 14021.7
69, 14021.8
2, 14022
311, 14022
251, 14022
264, 14022
23, 14022.2
119, 14022.4
168, 14022.5
274, 14022.7
101, 14022.8
323, 14022.8
11, 14023.2
232, 14023.4
70, 14023.4
360, 14023.4
361, 14023.7
150, 14024
7, 14024.2
341, 14024.2
261, 14024.3
283, 14024.4
5, 14024.6
125, 14024.6
315, 14025.2
57, 14025.3
20, 14025.5
8, 14025.5
357, 14025.6
293, 14025.8
3, 14025.8
188, 14026
248, 14026
327, 14026.1
259, 14026.4
252, 14026.4
246, 14027
266, 14027
174, 14027
100, 14027.2
226, 14027.6
250, 14027.6
25, 14027.7
363, 14027.7
201, 14028
310, 14028.1
247, 14028.2
14, 14028.5
276, 14028.9
294, 14028.9
271, 14029.2
171, 14029.7
131, 14030
260, 14030
178, 14030.3
297, 14030.7
160, 14031
227, 14031.4
311, 14031.6
185, 14031.6
58, 14031.7
126, 14031.8
135, 14032.8
133, 14032.9
139, 14033.3
71, 14033.8
120, 14034
41, 14034.1
202, 14034.1
17, 14034.3
308, 14035.6
111, 14035.8
91, 14036
103, 14036
74, 14036.4
50, 14036.4
174, 14036.5
229, 14038.9
271, 14039.4
273, 14039.7
358, 14039.8
66, 14041
154, 14041.9
282, 14043.6
306, 14044.1
227, 14045.8
98, 14046.6
103, 14050.4
104, 14057.8
234, 14058.1
88, 14060.2
163, 14062
334, 14068
383, 14077.9
282, 14079.3
375, 14080.9
8, 14086.8
121, 14092.2
307, 14095.6
250, 14096.1
303, 14101.3
6, 14101.6
120, 14103.7
64, 14104.5
209, 14110.7
179, 14113.1
138, 14117.1
271, 14126
12, 14127.8
72, 14128.5
13, 14131.9
100, 14141.5
62, 14141.6
274, 14142.9
38, 14149.4
268, 14149.7
379, 14162.5
102, 14168
1, 14168.2
68, 14172.5
27, 14173.1
191, 14176
189, 14178.1
239, 14179.5
212, 14186.5
319, 14199.4
303, 14211
270, 14228
357, 14230.1
112, 14233.8
215, 14239.3
81, 14239.4
352, 14249.6
217, 14251.7
206, 14252.5
342, 14259.7
149, 14262.4
295, 14267.2
252, 14274
155, 14274.3
220, 14288.3
90, 14294.3
266, 14297.5
292, 14297.7
90, 14301.4
118, 14310.5
12, 14311.5
207, 14312.5
318, 14314
90, 14316.4
263, 14319.7
234, 14328.8
294, 14329.5
308, 14329.7
110, 14333.9
74, 14337.3
379, 14337.9
360, 14340.6
91, 14347.4
335, 14348.3
256, 14348.6
86, 14357.2
15, 14359
326, 14360.7
309, 14364.7
86, 14365.3
40, 14370.5
87, 14385.1
230, 14387.1
328, 14388.2
279, 14393.9
274, 14394.2
277, 14396.5
336, 14405.1
137, 14405.2
357, 14406
311, 14408.2
20, 14432
236, 14433.1
277, 14433.8
31, 14436.9
188, 14452.3
120, 14453.6
100, 14457
228, 14461.6
271, 14464.8
62, 14468.3
242, 14473.6
288, 14478.4
218, 14487
303, 14495.5
21, 14497.2
143, 14504.5
144, 14506.4
119, 14509.9
347, 14510.3
126, 14513.2
70, 14513.7
229, 14515.1
21, 14516.1
119, 14516.2
146, 14516.4
294, 14516.4
261, 14516.5
5, 14516.6
25, 14516.6
125, 14516.7
293, 14516.9
158, 14517.1
259, 14517.1
360, 14517.1
297, 14517.5
226, 14517.6
83, 14517.7
201, 14517.7
276, 14517.7
267, 14517.8
58, 14518.4
135, 14518.6
3, 14518.7
185, 14518.8
71, 14518.9
76, 14518.9
50, 14519
234, 14519
143, 14519.1
358, 14519.1
362, 14519.1
74, 14519.2
273, 14519.2
275, 14519.2
319, 14519.2
98, 14519.3
114, 14519.4
241, 14519.4
217, 14519.4
126, 14519.5
216, 14519.6
347, 14519.6
184, 14519.7
278, 14519.8
283, 14519.8
285, 14520
326, 14520
265, 14520
242, 14520.2
257, 14520.2
180, 14520.2
26, 14520.3
152, 14520.3
168, 14520.3
292, 14520.4
151, 14520.4
215, 14520.5
22, 14520.6
35, 14520.6
70, 14520.6
174, 14520.6
364, 14520.6
140, 14520.7
229, 14520.8
104, 14521
129, 14521.1
149, 14521.1
213, 14521.1
354, 14521.1
91, 14521.2
339, 14521.3
343, 14521.4
106, 14521.4
379, 14521.4
324, 14521.5
115, 14521.6
258, 14521.6
186, 14521.7
274, 14521.7
187, 14521.7
327, 14521.7
69, 14521.8
124, 14521.8
2, 14522
251, 14522
210, 14522.1
23, 14522.2
303, 14522.7
264, 14522.7
42, 14522.8
101, 14522.9
323, 14523
11, 14523.2
171, 14523.3
139, 14523.4
232, 14523.5
357, 14523.7
78, 14523.9
150, 14524
294, 14524
247, 14524.1
25, 14524.2
341, 14524.2
261, 14524.3
5, 14524.6
188, 14524.6
125, 14524.6
361, 14524.7
8, 14524.7
206, 14524.7
252, 14524.8
375, 14525.1
7, 14525.2
146, 14525.3
100, 14525.4
281, 14525.5
20, 14525.6
266, 14525.6
57, 14525.6
293, 14525.8
119, 14525.8
315, 14526.1
360, 14526.1
259, 14526.4
250, 14526.4
21, 14526.6
59, 14526.7
311, 14526.8
248, 14527.4
226, 14527.6
297, 14527.8
218, 14528
363, 14528
310, 14528.1
83, 14528.4
201, 14528.5
120, 14528.7
308, 14528.7
246, 14528.8
267, 14528.9
276, 14528.9
229, 14529.4
126, 14530.1
178, 14530.3
158, 14530.5
12, 14530.8
160, 14530.9
14, 14531.2
58, 14531.7
68, 14531.8
247, 14532.2
260, 14532.2
135, 14532.8
133, 14533
375, 14533.5
87, 14533.6
3, 14533.9
17, 14534.3
185, 14534.4
70, 14534.7
71, 14535.4
202, 14535.5
234, 14536
362, 14536.9
74, 14537.1
76, 14537.3
263, 14537.4
50, 14539.2
156, 14539.5
358, 14540.5
228, 14540.9
66, 14541
98, 14547.1
273, 14548.4
46, 14550
377, 14550.8
291, 14552.5
86, 14560.7
177, 14560.9
80, 14564.7
199, 14580.2
370, 14581.3
151, 14588.2
232, 14614.7
222, 14625.5
101, 14629.2
267, 14629.8
276, 14636.6
74, 14639
330, 14647.7
343, 14657.2
201, 14669.5
106, 14670.2
331, 14681.3
28, 14683.6
313, 14689.1
87, 14695.6
177, 14698.9
181, 14700
184, 14705.3
71, 14709.4
311, 14716.9
358, 14722.8
253, 14736.8
71, 14736.9
80, 14739.2
173, 14750.2
203, 14757.8
160, 14773.9
89, 14779.1
278, 14787.4
199, 14796.3
338, 14804.3
76, 14816.7
112, 14820.1
100, 14824.4
290, 14825.3
254, 14833.3
54, 14839.7
203, 14844.7
60, 14863.3
343, 14866.3
312, 14868
160, 14881
4, 14889.7
74, 14893.2
226, 14904.2
336, 14904.6
311, 14906.9
235, 14914.1
25, 14915.3
288, 14919.5
105, 14932.1
147, 14935.9
157, 14949.1
282, 14953.4
19, 14960.1
352, 14960.3
269, 14965.7
52, 14968.1
294, 14975.4
282, 14981.8
74, 14983.4
17, 14986.6
233, 14999.7
