16, 4.9
16, 504.6
0, 504.7
0, 1004.6
16, 1004.6
28, 1004.7
0, 1504.6
16, 1504.6
28, 1504.6
4, 1504.7
0, 2004.6
4, 2004.6
16, 2004.6
28, 2004.6
27, 2004.7
0, 2504.6
4, 2504.6
16, 2504.6
27, 2504.6
28, 2504.6
22, 2504.7
0, 3004.6
4, 3004.6
16, 3004.6
22, 3004.6
27, 3004.6
28, 3004.6
10, 3004.7
0, 3504.6
4, 3504.6
10, 3504.6
16, 3504.6
22, 3504.6
27, 3504.6
28, 3504.6
3, 3504.7
0, 4004.6
3, 4004.6
4, 4004.6
10, 4004.6
16, 4004.6
22, 4004.6
27, 4004.6
28, 4004.6
7, 4004.7
0, 4504.6
3, 4504.6
4, 4504.6
7, 4504.6
10, 4504.6
16, 4504.6
22, 4504.6
27, 4504.6
28, 4504.6
5, 4504.7
0, 5004.6
3, 5004.6
4, 5004.6
5, 5004.6
7, 5004.6
10, 5004.6
16, 5004.6
22, 5004.6
27, 5004.6
28, 5004.6
18, 5004.7
0, 5504.6
3, 5504.6
4, 5504.6
5, 5504.6
7, 5504.6
10, 5504.6
16, 5504.6
18, 5504.6
22, 5504.6
27, 5504.6
28, 5504.6
11, 5504.7
0, 6004.6
3, 6004.6
4, 6004.6
5, 6004.6
7, 6004.6
10, 6004.6
11, 6004.6
16, 6004.6
18, 6004.6
22, 6004.6
27, 6004.6
28, 6004.6
8, 6004.7
0, 6504.6
3, 6504.6
4, 6504.6
5, 6504.6
7, 6504.6
8, 6504.6
10, 6504.6
11, 6504.6
16, 6504.6
18, 6504.6
22, 6504.6
27, 6504.6
28, 6504.6
25, 6504.7
0, 7004.6
3, 7004.6
4, 7004.6
5, 7004.6
7, 7004.6
8, 7004.6
10, 7004.6
11, 7004.6
16, 7004.6
18, 7004.6
22, 7004.6
25, 7004.6
27, 7004.6
28, 7004.6
19, 7004.7
0, 7504.6
3, 7504.6
4, 7504.6
5, 7504.6
7, 7504.6
8, 7504.6
10, 7504.6
11, 7504.6
16, 7504.6
18, 7504.6
19, 7504.6
22, 7504.6
25, 7504.6
27, 7504.6
28, 7504.6
17, 7504.7
0, 8004.6
3, 8004.6
4, 8004.6
5, 8004.6
7, 8004.6
8, 8004.6
10, 8004.6
11, 8004.6
16, 8004.6
17, 8004.6
18, 8004.6
19, 8004.6
22, 8004.6
25, 8004.6
27, 8004.6
28, 8004.6
12, 8004.7
0, 8504.6
3, 8504.6
4, 8504.6
5, 8504.6
7, 8504.6
8, 8504.6
10, 8504.6
11, 8504.6
12, 8504.6
16, 8504.6
17, 8504.6
18, 8504.6
19, 8504.6
22, 8504.6
25, 8504.6
27, 8504.6
28, 8504.6
9, 8504.7
0, 9004.6
3, 9004.6
4, 9004.6
5, 9004.6
7, 9004.6
8, 9004.6
9, 9004.6
10, 9004.6
11, 9004.6
12, 9004.6
16, 9004.6
17, 9004.6
18, 9004.6
19, 9004.6
22, 9004.6
25, 9004.6
27, 9004.6
28, 9004.6
6, 9004.7
0, 9504.6
3, 9504.6
4, 9504.6
5, 9504.6
6, 9504.6
7, 9504.6
8, 9504.6
9, 9504.6
10, 9504.6
11, 9504.6
12, 9504.6
16, 9504.6
17, 9504.6
18, 9504.6
19, 9504.6
22, 9504.6
25, 9504.6
27, 9504.6
28, 9504.6
1, 9504.7
0, 10004.6
1, 10004.6
3, 10004.6
4, 10004.6
5, 10004.6
6, 10004.6
7, 10004.6
8, 10004.6
9, 10004.6
10, 10004.6
11, 10004.6
12, 10004.6
16, 10004.6
17, 10004.6
18, 10004.6
19, 10004.6
22, 10004.6
25, 10004.6
27, 10004.6
28, 10004.6
29, 10004.7
0, 10504.6
1, 10504.6
3, 10504.6
4, 10504.6
5, 10504.6
6, 10504.6
7, 10504.6
8, 10504.6
9, 10504.6
10, 10504.6
11, 10504.6
12, 10504.6
16, 10504.6
17, 10504.6
18, 10504.6
19, 10504.6
22, 10504.6
25, 10504.6
27, 10504.6
28, 10504.6
29, 10504.6
14, 10504.7
0, 11004.6
1, 11004.6
3, 11004.6
4, 11004.6
5, 11004.6
6, 11004.6
7, 11004.6
8, 11004.6
9, 11004.6
10, 11004.6
11, 11004.6
12, 11004.6
14, 11004.6
16, 11004.6
17, 11004.6
18, 11004.6
19, 11004.6
22, 11004.6
25, 11004.6
27, 11004.6
28, 11004.6
29, 11004.6
24, 11004.7
0, 11504.6
1, 11504.6
3, 11504.6
4, 11504.6
5, 11504.6
6, 11504.6
7, 11504.6
8, 11504.6
9, 11504.6
10, 11504.6
11, 11504.6
12, 11504.6
14, 11504.6
16, 11504.6
17, 11504.6
18, 11504.6
19, 11504.6
22, 11504.6
24, 11504.6
25, 11504.6
27, 11504.6
28, 11504.6
29, 11504.6
20, 11504.7
0, 12004.6
1, 12004.6
3, 12004.6
4, 12004.6
5, 12004.6
6, 12004.6
7, 12004.6
8, 12004.6
9, 12004.6
10, 12004.6
11, 12004.6
12, 12004.6
14, 12004.6
16, 12004.6
17, 12004.6
18, 12004.6
19, 12004.6
20, 12004.6
22, 12004.6
24, 12004.6
25, 12004.6
27, 12004.6
28, 12004.6
29, 12004.6
2, 12004.7
0, 12504.6
1, 12504.6
2, 12504.6
3, 12504.6
4, 12504.6
5, 12504.6
6, 12504.6
7, 12504.6
8, 12504.6
9, 12504.6
10, 12504.6
11, 12504.6
12, 12504.6
14, 12504.6
16, 12504.6
17, 12504.6
18, 12504.6
19, 12504.6
20, 12504.6
22, 12504.6
24, 12504.6
25, 12504.6
27, 12504.6
28, 12504.6
29, 12504.6
21, 12504.7
0, 13004.6
1, 13004.6
2, 13004.6
3, 13004.6
4, 13004.6
5, 13004.6
6, 13004.6
7, 13004.6
8, 13004.6
9, 13004.6
10, 13004.6
11, 13004.6
12, 13004.6
14, 13004.6
16, 13004.6
17, 13004.6
18, 13004.6
19, 13004.6
20, 13004.6
21, 13004.6
22, 13004.6
24, 13004.6
25, 13004.6
27, 13004.6
28, 13004.6
29, 13004.6
15, 13004.7
0, 13504.6
1, 13504.6
2, 13504.6
3, 13504.6
4, 13504.6
5, 13504.6
6, 13504.6
7, 13504.6
8, 13504.6
9, 13504.6
10, 13504.6
11, 13504.6
12, 13504.6
14, 13504.6
15, 13504.6
16, 13504.6
17, 13504.6
18, 13504.6
19, 13504.6
20, 13504.6
21, 13504.6
22, 13504.6
24, 13504.6
25, 13504.6
27, 13504.6
28, 13504.6
29, 13504.6
26, 13504.7
0, 14004.6
1, 14004.6
2, 14004.6
3, 14004.6
4, 14004.6
5, 14004.6
6, 14004.6
7, 14004.6
8, 14004.6
9, 14004.6
10, 14004.6
11, 14004.6
12, 14004.6
14, 14004.6
15, 14004.6
16, 14004.6
17, 14004.6
18, 14004.6
19, 14004.6
20, 14004.6
21, 14004.6
22, 14004.6
24, 14004.6
25, 14004.6
26, 14004.6
27, 14004.6
28, 14004.6
29, 14004.6
13, 14004.7
0, 14504.6
1, 14504.6
2, 14504.6
3, 14504.6
4, 14504.6
5, 14504.6
6, 14504.6
7, 14504.6
8, 14504.6
9, 14504.6
10, 14504.6
11, 14504.6
12, 14504.6
13, 14504.6
14, 14504.6
15, 14504.6
16, 14504.6
17, 14504.6
18, 14504.6
19, 14504.6
20, 14504.6
21, 14504.6
22, 14504.6
24, 14504.6
25, 14504.6
26, 14504.6
27, 14504.6
28, 14504.6
29, 14504.6
23, 14504.7
