4, 2555.5
5, 3016.6
2, 3183.8
5, 3514.9
6, 3518.7
6, 3988.9
5, 4013.4
2, 4015
6, 4015.7
7, 4016.7
5, 4512.9
7, 4516.3
6, 4519.5
2, 4520.2
4, 4538.1
0, 4542.3
4, 4983.2
2, 5012.9
5, 5013.1
7, 5016.7
6, 5019
2, 5034.2
4, 5035.4
5, 5038.1
5, 5511.6
2, 5512.1
7, 5514.6
6, 5519.4
5, 5524.2
2, 5529.3
4, 5532.8
0, 5539.6
5, 5539.6
6, 5548.7
4, 5552.3
2, 5560.1
5, 6011.2
2, 6011.6
3, 6015.2
7, 6016.9
6, 6017.4
5, 6021.4
2, 6024
5, 6031.8
4, 6033.4
3, 6035.8
2, 6036.8
6, 6042.8
5, 6045.5
1, 6046.2
2, 6051.5
0, 6053
3, 6061.3
5, 6511.6
2, 6512
3, 6516.6
7, 6516.9
6, 6519.1
5, 6522.3
4, 6522.5
2, 6525.4
5, 6531.4
0, 6535.4
4, 6537
5, 6539.6
2, 6540.5
6, 6543.2
3, 6546.2
5, 6549.9
0, 6559.9
2, 6560
4, 6563.4
5, 6579.1
5, 6600.3
2, 7011.1
5, 7011.6
7, 7013.8
3, 7016
6, 7017.9
4, 7019.7
2, 7020.5
5, 7022.2
5, 7032
2, 7032.2
3, 7034.5
6, 7035.6
4, 7036.3
0, 7037.7
5, 7044.1
2, 7045.9
7, 7049.1
6, 7066.1
2, 7510.8
5, 7511.3
6, 7512.9
7, 7515.2
3, 7515.7
2, 7519.9
4, 7520.3
5, 7521.6
5, 7530.9
2, 7532.1
3, 7532.5
0, 7532.8
6, 7533.1
7, 7535.6
4, 7537.2
1, 7540.3
5, 7541.1
2, 7543.6
6, 7544
2, 7569.3
6, 7577.7
5, 7629.3
2, 8011.1
5, 8011.1
6, 8013.3
1, 8015
3, 8016.5
7, 8016.8
4, 8020.2
2, 8020.6
5, 8020.8
5, 8029.6
3, 8030
0, 8031.1
6, 8031.2
1, 8031.8
2, 8032
4, 8034
5, 8037.7
7, 8041.2
6, 8042
2, 8042.2
1, 8045.3
5, 8051.1
2, 8070.3
3, 8070.5
2, 8511
5, 8511
6, 8513
7, 8513.3
1, 8514
3, 8515
2, 8519.5
5, 8520.2
4, 8520.6
5, 8528.7
3, 8529.5
2, 8529.7
1, 8530.8
6, 8531.3
0, 8531.9
7, 8532.1
4, 8535.3
5, 8536.4
2, 8537.8
6, 8541.3
1, 8542.2
3, 8544.7
5, 8546.5
2, 8550.3
6, 8559
5, 8564.7
4, 8566.4
1, 8567.6
5, 8610.2
2, 9010.6
5, 9010.9
7, 9011.7
1, 9012.1
6, 9013.2
3, 9014.7
4, 9017.4
2, 9019.5
5, 9019.6
7, 9023.9
1, 9026.4
0, 9026.9
5, 9026.9
3, 9028.5
2, 9029.3
6, 9029.4
4, 9030.9
5, 9034.6
1, 9036.7
2, 9037
0, 9037.8
6, 9039.2
5, 9043.4
7, 9046
4, 9047.2
1, 9049.8
2, 9051.1
5, 9056.2
3, 9056.6
6, 9059.4
5, 9103.2
2, 9510.9
5, 9510.9
6, 9511.7
1, 9512.4
7, 9513.4
3, 9514.1
4, 9515
5, 9519.6
2, 9520
6, 9523.7
4, 9524
1, 9524.1
5, 9526
2, 9527.7
0, 9527.9
3, 9528.9
7, 9529.3
5, 9531.9
6, 9532.6
1, 9533.3
4, 9534.1
2, 9535.3
0, 9536.8
5, 9538.6
6, 9540.8
1, 9541
3, 9544
2, 9545
5, 9546.3
0, 9546.7
4, 9546.9
7, 9547.2
1, 9552.4
6, 9555
5, 9557.2
2, 9570.5
0, 9573
5, 10010.8
2, 10011.1
7, 10012
6, 10012.9
1, 10013.4
4, 10015.2
3, 10016.7
5, 10018.8
2, 10020.5
7, 10023.6
5, 10024.9
4, 10026.3
0, 10027.3
1, 10027.5
3, 10027.8
6, 10027.8
2, 10029.7
5, 10030.1
5, 10035.6
0, 10035.9
6, 10037.4
2, 10037.5
1, 10037.8
4, 10040.1
7, 10042.1
5, 10042.2
3, 10044
0, 10046.4
1, 10049.7
5, 10049.7
6, 10051.3
2, 10051.6
5, 10060.4
0, 10067.4
4, 10071.2
1, 10071.7
5, 10086.8
5, 10510.5
2, 10511.1
7, 10511.2
3, 10512.5
6, 10513.1
1, 10513.2
4, 10514.4
5, 10518.3
2, 10519.4
7, 10520.5
3, 10522.4
5, 10524.7
1, 10526.2
4, 10526.3
6, 10527.1
0, 10527.8
2, 10528
5, 10530.5
3, 10531.6
7, 10531.9
2, 10535.7
1, 10536.7
0, 10536.9
6, 10537.2
5, 10537.7
4, 10541.1
3, 10545.1
5, 10545.2
2, 10548
7, 10549.7
6, 10550.5
0, 10550.7
5, 10554.6
1, 10557.5
6, 10572.4
5, 10575.9
2, 11010.1
5, 11010.9
7, 11011.2
3, 11012
6, 11013.2
1, 11013.5
4, 11015.4
2, 11017
5, 11019.2
7, 11020.8
3, 11022.9
2, 11025.1
5, 11025.8
4, 11026.2
6, 11026.5
0, 11027.7
1, 11027.7
5, 11031.5
2, 11032.5
7, 11033.1
3, 11033.4
6, 11035.7
0, 11036.4
4, 11038.9
5, 11039
1, 11039.3
2, 11042.2
0, 11047.6
6, 11048.4
5, 11048.5
3, 11051.1
5, 11061.4
2, 11063.4
2, 11510.5
5, 11510.8
7, 11511.2
1, 11512.1
3, 11512.7
6, 11513.2
4, 11513.6
2, 11518
5, 11518.3
7, 11520.9
1, 11523.1
3, 11523.1
4, 11523.2
5, 11525
0, 11525.2
6, 11525.3
2, 11526.3
1, 11530.4
5, 11530.4
4, 11531.3
7, 11533.4
0, 11533.8
2, 11533.9
6, 11534.6
5, 11536.5
1, 11538.4
3, 11538.7
4, 11540.5
0, 11543.8
5, 11544.2
2, 11544.5
6, 11544.9
1, 11553.5
5, 11554.3
4, 11558.1
0, 11559.5
2, 11567.4
5, 11569.8
2, 12010.5
7, 12010.8
5, 12010.9
6, 12011.5
1, 12012.1
3, 12012.8
4, 12015
2, 12018.3
7, 12019
5, 12019.2
6, 12022.2
3, 12022.9
1, 12023.1
0, 12023.9
4, 12025.3
5, 12025.3
2, 12026.1
7, 12029.9
1, 12031
5, 12031
6, 12031.4
0, 12032.8
2, 12033.6
3, 12035.3
4, 12035.3
5, 12036.9
1, 12038
0, 12040.2
6, 12040.2
2, 12043.7
5, 12044
4, 12046
1, 12046.8
3, 12048.6
7, 12050.4
0, 12050.5
5, 12054.5
6, 12056.6
2, 12062.4
0, 12066.4
1, 12068.1
3, 12121.4
2, 12160.5
5, 12510.2
2, 12510.4
7, 12510.8
1, 12511.4
6, 12511.4
3, 12512.2
4, 12514.4
5, 12516.9
2, 12517.7
7, 12519.1
1, 12520.8
6, 12522.2
3, 12522.3
5, 12523.5
4, 12524.5
0, 12525.1
2, 12525.4
1, 12528.1
5, 12528.3
7, 12529.9
6, 12531.2
4, 12532.9
2, 12533
0, 12533.6
5, 12533.8
3, 12534
1, 12535.8
6, 12540.1
5, 12540.3
0, 12541.3
7, 12542.1
4, 12542.4
2, 12543.7
1, 12544.3
5, 12548.4
3, 12551.4
0, 12552.2
6, 12552.2
1, 12558.2
5, 12563.3
4, 12565.5
2, 12572.8
6, 12587.3
2, 12604.5
5, 12611.2
5, 13010.2
2, 13010.5
7, 13010.8
1, 13010.9
6, 13011.7
4, 13012.1
3, 13012.7
5, 13016.3
0, 13017
2, 13017.2
7, 13019.2
1, 13020.2
4, 13021
6, 13021.8
5, 13022.7
3, 13022.8
2, 13024.3
0, 13025.3
1, 13027.4
5, 13027.7
4, 13029.6
6, 13030.4
7, 13030.4
2, 13030.8
5, 13032.9
0, 13033
1, 13034.9
3, 13037.2
2, 13037.9
5, 13038.6
4, 13038.9
6, 13039.1
0, 13040.2
1, 13043
5, 13044.9
2, 13045.4
4, 13051.5
6, 13051.6
0, 13052.4
7, 13052.8
5, 13053.4
2, 13055.2
1, 13056.2
3, 13056.7
5, 13063.9
2, 13071.7
1, 13079.6
5, 13086
2, 13510.1
5, 13510.4
7, 13510.8
1, 13510.9
6, 13511.4
4, 13512
3, 13512.8
2, 13516.9
5, 13517.3
7, 13519.1
1, 13520.1
0, 13520.8
4, 13521
6, 13521.8
3, 13522.4
5, 13523.8
2, 13524.1
1, 13526.6
0, 13528.1
5, 13528.4
4, 13528.8
6, 13529.9
2, 13530.6
7, 13530.7
1, 13532.6
5, 13533.5
0, 13536
3, 13538.1
4, 13538.3
6, 13539.4
1, 13539.5
5, 13539.7
2, 13540
0, 13546.2
1, 13548
5, 13548.1
4, 13549.3
7, 13550.3
6, 13552.4
2, 13554.5
5, 13559
1, 13561.5
4, 13569.1
5, 13574.6
5, 13636.1
5, 14010.2
7, 14010.4
2, 14010.5
1, 14011.3
6, 14011.8
3, 14011.9
4, 14012.4
5, 14016.8
7, 14017.2
2, 14017.9
3, 14020.8
4, 14020.8
1, 14020.9
0, 14021.2
6, 14022.7
5, 14023.6
2, 14025
7, 14026.7
1, 14027.1
5, 14027.9
4, 14028.4
0, 14028.5
6, 14029.9
3, 14031.3
2, 14031.9
1, 14032.6
5, 14032.9
0, 14036.3
4, 14037.9
7, 14038
5, 14038.3
6, 14038.6
1, 14038.9
2, 14042
5, 14045.4
0, 14047
1, 14047.2
6, 14048.9
3, 14050.1
4, 14052.1
5, 14055.1
2, 14057.9
1, 14061
6, 14069.6
5, 14073.4
7, 14074.8
5, 14104.8
2, 14122
2, 14510.2
5, 14510.4
7, 14510.4
6, 14510.7
1, 14511.3
3, 14511.3
4, 14512.1
2, 14516.9
7, 14517.2
5, 14517.3
6, 14519.3
3, 14519.8
4, 14520.2
1, 14521
0, 14521.6
2, 14523.9
5, 14523.9
7, 14525.9
6, 14526.4
1, 14527.2
4, 14527.5
0, 14528.2
5, 14528.4
3, 14529.5
2, 14529.7
1, 14532.4
6, 14532.6
5, 14533.2
7, 14534.5
0, 14535.5
4, 14536.4
2, 14537.6
5, 14538.2
1, 14538.4
6, 14540.5
0, 14544.6
3, 14544.9
5, 14544.9
1, 14546
7, 14547.5
4, 14548
2, 14548.7
6, 14551.7
5, 14554
1, 14557.1
0, 14566.1
4, 14567.7
5, 14569.5
2, 14572.1
6, 14573.8
5, 14599.6
5, 14652.7
