11, 26.3
27, 79.8
36, 170.6
39, 181.2
36, 184.5
15, 210.7
56, 239.6
46, 242.1
43, 258.6
3, 276.1
54, 279.8
3, 290.3
32, 340.6
43, 394.5
50, 595.1
58, 603.7
62, 605.4
50, 609.5
58, 617.8
62, 620.2
32, 633.7
32, 650.5
17, 704.7
44, 719.4
44, 733.1
50, 880.9
48, 917.7
38, 953.4
5, 960.3
42, 966.4
42, 981.9
23, 986.2
23, 1000.3
45, 1003.8
45, 1017.6
21, 1021
1, 1026.4
28, 1030.9
30, 1036.2
43, 1044.4
30, 1044.8
43, 1060
20, 1072.2
20, 1086.2
41, 1117.3
41, 1131.8
10, 1133.8
10, 1165.9
21, 1218.1
30, 1260.3
12, 1285.6
12, 1308.1
60, 1375.5
55, 1405.6
37, 1420.5
55, 1425.8
37, 1435.6
47, 1459.5
54, 1476.2
47, 1476.6
21, 1520.7
1, 1527.2
28, 1531.8
2, 1537.8
2, 1545.2
25, 1655.2
40, 1660.2
40, 1675.5
15, 1748.1
10, 1772.6
53, 1821.4
48, 1843.1
1, 1869
1, 1882.8
17, 1930.8
7, 1936.5
19, 1967.4
20, 2015.3
28, 2020
21, 2020.8
44, 2021.6
20, 2023
24, 2023.8
14, 2024.8
33, 2029.5
1, 2034.9
2, 2038.2
33, 2038.4
12, 2060.8
24, 2100.9
61, 2131.9
61, 2143.5
29, 2188.9
39, 2242.3
35, 2286.2
0, 2329
3, 2329.1
1, 2332.8
1, 2342.1
0, 2347.8
22, 2403.4
11, 2407.2
22, 2414.6
19, 2415.1
19, 2427.3
20, 2433
30, 2443.5
20, 2446.9
55, 2478.6
58, 2503.5
58, 2514.4
28, 2519.9
21, 2520.9
44, 2521.5
35, 2521.7
24, 2522
50, 2524.4
14, 2525.2
1, 2526.8
2, 2527.1
53, 2527.1
16, 2535.1
49, 2536.8
53, 2540.1
53, 2556.5
35, 2615.5
35, 2625.5
3, 2632.1
6, 2632.5
6, 2644.9
3, 2648.8
35, 2655.4
58, 2658
24, 2672.5
24, 2692.7
14, 2713.5
46, 2732.8
13, 2744.5
38, 2782.2
36, 2828
36, 2842.1
5, 2842.4
5, 2858.6
11, 2882.1
25, 2888.5
25, 2900.3
2, 2919.2
35, 2923.9
2, 2931.1
2, 2954.7
30, 2962.5
40, 3011
40, 3017.4
16, 3019.3
28, 3020
21, 3021.6
44, 3022.3
35, 3023.4
50, 3024.2
24, 3024.4
14, 3024.7
38, 3024.9
29, 3026.5
53, 3026.6
1, 3028.6
20, 3028.6
16, 3033.9
49, 3035.6
10, 3054.3
57, 3057.5
7, 3064.5
40, 3067.3
55, 3068.1
57, 3071.1
10, 3073.6
48, 3073.6
55, 3080.2
35, 3082.5
51, 3082.5
48, 3085
51, 3091.5
32, 3094.7
32, 3105.9
42, 3109.7
42, 3123
14, 3131
39, 3132.3
5, 3134.4
5, 3147.8
39, 3148.4
3, 3201.5
26, 3272.7
56, 3273.1
58, 3304.4
3, 3308.9
18, 3312.3
58, 3319
13, 3321.1
18, 3324.9
13, 3331.1
50, 3379.1
53, 3380.4
50, 3390.1
53, 3397.1
34, 3410.9
34, 3432.1
38, 3435.8
54, 3443.9
62, 3449.2
54, 3454.7
3, 3477.8
16, 3519.4
28, 3519.9
2, 3521.6
21, 3522.1
35, 3522.2
44, 3522.6
14, 3524.3
24, 3525.4
20, 3526.6
1, 3529
22, 3529.3
17, 3531.4
29, 3531.7
16, 3533.2
49, 3542.4
52, 3550.4
52, 3560.1
61, 3602.1
26, 3611
61, 3611.8
26, 3622.1
43, 3715.8
28, 3742.6
34, 3799.5
51, 3812.4
51, 3825.9
58, 3837
58, 3848.5
53, 3885.6
53, 3897.9
48, 3936
58, 3960.7
57, 3962.6
57, 3974.9
16, 4019.6
28, 4020.2
22, 4021.2
21, 4022.7
35, 4022.7
50, 4025.1
14, 4025.2
44, 4025.7
2, 4028.1
1, 4030.9
20, 4034.2
24, 4035.3
24, 4041
62, 4041.4
62, 4048.2
30, 4051.9
41, 4133.8
41, 4147
28, 4149.4
28, 4169
6, 4195
6, 4207.3
22, 4216.5
4, 4236.5
11, 4242.8
10, 4260.6
11, 4266.3
52, 4278.7
52, 4289.8
42, 4295.8
42, 4308.4
22, 4330
18, 4335.9
21, 4344.9
18, 4347.3
56, 4351.6
21, 4365.1
61, 4367.3
56, 4367.6
5, 4372.3
61, 4377
5, 4385.5
35, 4421.5
35, 4433.4
29, 4491.6
28, 4503.9
28, 4514.3
16, 4518.9
19, 4519.6
29, 4519.6
62, 4520.1
22, 4520.9
58, 4521.7
21, 4522.6
44, 4523.3
2, 4523.5
26, 4523.5
28, 4523.9
14, 4524
45, 4524.7
53, 4524.9
24, 4525.6
50, 4525.6
38, 4527.9
1, 4528.7
20, 4528.7
35, 4531.7
36, 4531.7
16, 4531.8
49, 4532.4
22, 4532.5
27, 4532.7
30, 4533.2
23, 4534.8
8, 4538.3
17, 4570.9
15, 4587.4
15, 4600.8
37, 4607.8
37, 4618.7
4, 4623
4, 4635.7
2, 4702.6
4, 4712.5
2, 4712.9
44, 4712.9
44, 4730.9
43, 4740.3
6, 4741.4
2, 4742.9
6, 4751.1
10, 4766.1
10, 4787.8
28, 4818.5
38, 4827.7
28, 4836.8
38, 4840.9
14, 4906.3
3, 4917.3
27, 4921.5
14, 4922.8
3, 4930
27, 4933.7
1, 4962.8
30, 4963.7
43, 4966.7
1, 4975.7
43, 4980.1
17, 5004.8
17, 5014.8
2, 5018.5
56, 5019.1
16, 5019.2
47, 5019.6
62, 5020
22, 5020.9
19, 5021
28, 5021.2
58, 5021.2
35, 5021.6
29, 5021.9
21, 5022.2
14, 5022.3
44, 5023.4
31, 5023.7
26, 5024
50, 5026.3
24, 5026.8
20, 5028.4
8, 5028.6
45, 5029.8
49, 5030.9
22, 5031
56, 5031.1
36, 5032.4
2, 5032.6
16, 5033.4
23, 5033.7
58, 5035.8
53, 5037.3
61, 5037.6
19, 5038.8
26, 5084.9
15, 5151.6
24, 5156.7
15, 5166.1
26, 5178.3
51, 5235.7
32, 5237
4, 5240.2
51, 5246.9
32, 5249.2
4, 5255.6
3, 5265.2
3, 5276.1
55, 5289.9
59, 5300.7
59, 5312.9
37, 5345.7
37, 5357.1
26, 5378.1
21, 5394.3
53, 5395.1
53, 5408.8
45, 5417.2
53, 5438.1
47, 5484.1
47, 5517.2
2, 5518.6
16, 5519.6
1, 5519.7
56, 5519.7
14, 5520.1
22, 5520.2
28, 5520.4
40, 5520.4
62, 5520.5
19, 5521.2
21, 5521.9
58, 5521.9
29, 5522
13, 5522.5
35, 5522.8
49, 5523
59, 5523.9
31, 5524.1
44, 5524.3
50, 5525.8
26, 5526
24, 5527.6
12, 5527.7
47, 5527.8
22, 5529.8
1, 5530.2
2, 5530.3
20, 5530.4
27, 5530.5
25, 5530.6
49, 5530.8
59, 5530.8
30, 5531.2
36, 5531.2
17, 5532
38, 5532.1
8, 5532.3
19, 5532.7
23, 5533.2
16, 5533.4
40, 5536.2
58, 5536.4
35, 5537.9
56, 5538.4
14, 5539.3
13, 5539.6
32, 5540.3
42, 5540.7
61, 5541.1
40, 5589.4
44, 5597
49, 5599.3
38, 5631.5
33, 5659.9
26, 5678.4
26, 5701
40, 5736.1
6, 5746.7
56, 5757.6
6, 5757.7
14, 5800
34, 5821
34, 5834.1
4, 5846.1
13, 5850.1
4, 5860
58, 5874.3
32, 5880
58, 5887.4
32, 5891.5
52, 5913.4
52, 5925.4
55, 5960.4
49, 5976.5
55, 5976.9
29, 5982.5
49, 5989.8
29, 5994.5
47, 6016.8
40, 6017.7
2, 6018.6
50, 6018.6
23, 6019.1
31, 6019.3
56, 6019.5
16, 6019.6
1, 6019.9
14, 6020.1
28, 6020.4
22, 6020.5
62, 6020.5
38, 6020.7
19, 6021.3
60, 6021.6
21, 6022.3
13, 6022.5
35, 6022.6
44, 6024.4
58, 6024.4
18, 6025.7
26, 6026.7
24, 6027.4
47, 6027.8
22, 6028.5
12, 6028.6
11, 6029.5
30, 6029.5
1, 6029.9
36, 6029.9
23, 6030.3
31, 6030.3
17, 6030.4
50, 6030.4
27, 6030.5
45, 6030.5
2, 6030.7
53, 6031.2
8, 6031.5
20, 6031.7
14, 6032.5
56, 6033
40, 6033.6
16, 6033.7
25, 6033.9
19, 6034.3
28, 6034.8
49, 6034.9
38, 6037.3
61, 6037.5
60, 6037.7
35, 6038.7
18, 6042.4
37, 6043.4
62, 6043.5
15, 6044.5
21, 6045.2
51, 6046.4
46, 6047.8
49, 6108.3
49, 6146.6
24, 6147
57, 6152.7
37, 6165.5
57, 6166.1
16, 6207.5
43, 6228.3
46, 6242.6
43, 6244.4
46, 6255.3
46, 6308.1
62, 6315.3
5, 6322.7
62, 6335
5, 6336.5
26, 6343.1
26, 6357.1
61, 6361.4
15, 6368.1
61, 6371.8
42, 6381.4
15, 6384.2
42, 6394.2
49, 6409.6
49, 6421.3
16, 6435.1
16, 6450.4
47, 6455.4
47, 6468.4
59, 6476.3
59, 6488.4
15, 6505.9
2, 6516.3
14, 6517.1
40, 6517.2
56, 6517.2
58, 6517.8
23, 6518.4
47, 6518.4
50, 6518.4
31, 6519
20, 6519.2
30, 6519.5
28, 6519.8
1, 6519.9
38, 6520.1
17, 6520.2
45, 6520.4
60, 6520.4
51, 6520.7
12, 6520.8
19, 6520.9
22, 6520.9
62, 6520.9
29, 6521.5
13, 6521.7
35, 6522
21, 6522.1
2, 6522.3
18, 6522.3
16, 6522.9
32, 6523.4
56, 6524
14, 6524.5
44, 6524.5
15, 6524.7
10, 6524.9
52, 6525.5
24, 6525.7
61, 6525.7
58, 6526
49, 6526.2
11, 6527.1
36, 6527.4
8, 6527.6
30, 6528
26, 6528.4
40, 6528.6
31, 6528.8
1, 6529
23, 6529
50, 6529.2
25, 6529.5
27, 6529.5
12, 6529.9
20, 6530
47, 6530.2
22, 6530.3
51, 6531.3
17, 6532.1
41, 6532.1
35, 6532.3
13, 6532.4
57, 6532.6
53, 6532.7
62, 6532.8
19, 6532.9
37, 6533.2
38, 6533.7
49, 6533.8
60, 6533.8
2, 6534.1
32, 6534.5
4, 6536.1
44, 6536.2
46, 6536.4
61, 6536.4
10, 6536.9
16, 6537.1
24, 6537.2
18, 6537.5
52, 6538.4
36, 6538.6
9, 6539.7
40, 6540
48, 6540.6
25, 6540.7
43, 6541.2
58, 6542
3, 6542.6
34, 6542.7
26, 6542.9
1, 6543.7
6, 6547.4
48, 6590
57, 6620.3
11, 6620.9
28, 6650.8
17, 6657.8
20, 6677.7
13, 6738.6
3, 6758.8
3, 6787.4
13, 6814.9
19, 6834.6
23, 6858.2
23, 6875.4
10, 6877
26, 6889.4
57, 6920
62, 6926.4
36, 6932.7
51, 6937
62, 6945.3
51, 6947.6
36, 6949.8
0, 6960.6
0, 6974.4
34, 6998.6
33, 7012.6
2, 7016.3
50, 7016.6
47, 7016.9
30, 7017.1
14, 7017.2
45, 7017.2
56, 7017.3
19, 7017.7
22, 7017.7
49, 7017.7
58, 7017.8
40, 7018.1
13, 7018.6
20, 7018.8
10, 7019
31, 7019
35, 7019.2
16, 7019.4
23, 7019.5
34, 7019.5
1, 7019.8
28, 7020.1
27, 7020.2
52, 7020.2
17, 7020.5
12, 7020.7
38, 7020.7
60, 7020.9
29, 7021.3
21, 7021.4
2, 7022.5
36, 7022.5
61, 7023
50, 7023.1
30, 7023.3
44, 7023.5
51, 7023.5
22, 7024.3
32, 7024.3
49, 7024.3
56, 7024.4
14, 7025.1
47, 7025.1
58, 7025.1
19, 7025.5
24, 7025.6
62, 7025.6
18, 7025.8
45, 7025.8
26, 7026.2
25, 7026.6
13, 7027.3
46, 7027.3
20, 7027.4
40, 7027.4
42, 7027.5
10, 7027.6
31, 7027.6
8, 7027.7
11, 7027.7
1, 7027.8
35, 7028
12, 7028.4
41, 7028.9
27, 7029
17, 7029.3
23, 7029.3
53, 7029.4
60, 7029.4
48, 7029.7
59, 7030.2
16, 7030.7
2, 7030.8
36, 7030.8
61, 7031
49, 7031.1
22, 7031.6
15, 7031.8
52, 7031.8
30, 7031.9
33, 7032.1
38, 7032.7
32, 7033.3
37, 7033.3
44, 7033.3
4, 7033.6
47, 7033.8
58, 7034.7
24, 7035.2
46, 7035.2
19, 7036
3, 7036.1
43, 7036.4
25, 7036.5
21, 7036.6
26, 7036.8
6, 7037.1
1, 7037.7
14, 7037.7
40, 7038.1
9, 7038.7
18, 7039.3
50, 7040
31, 7040.4
59, 7040.6
57, 7041.2
10, 7041.4
48, 7042.7
20, 7043.2
28, 7043.3
49, 7043.6
53, 7149.3
52, 7152.2
61, 7157.9
7, 7263.5
52, 7273.9
50, 7313.3
50, 7325.3
58, 7340.8
58, 7355.3
15, 7382
15, 7405
2, 7451.6
2, 7464.7
45, 7479.6
26, 7483.5
44, 7492
26, 7498.1
44, 7508.3
37, 7510.6
30, 7515.7
50, 7516.8
58, 7516.8
22, 7517.1
27, 7517.1
47, 7517.1
14, 7517.2
56, 7517.2
19, 7517.3
12, 7517.4
49, 7517.4
2, 7517.7
28, 7517.9
38, 7518
40, 7518
21, 7518.1
45, 7518.3
13, 7518.4
35, 7518.5
10, 7518.6
20, 7518.7
37, 7518.7
23, 7518.9
16, 7519.1
1, 7519.2
31, 7519.5
36, 7519.6
51, 7520.4
62, 7520.5
52, 7520.6
17, 7520.7
30, 7520.7
29, 7521.7
60, 7522
58, 7522.9
61, 7523.1
22, 7523.5
50, 7523.6
56, 7524
32, 7524.1
49, 7524.1
27, 7524.2
14, 7524.4
18, 7524.4
12, 7524.8
19, 7524.8
2, 7525
24, 7525.1
47, 7525.6
21, 7525.8
36, 7525.8
40, 7525.9
10, 7526
38, 7526
30, 7526.1
1, 7526.2
4, 7526.5
28, 7526.6
13, 7526.7
20, 7526.7
46, 7526.7
25, 7526.8
35, 7526.8
23, 7527
31, 7527
45, 7527
42, 7527.1
11, 7527.4
8, 7527.7
48, 7528.4
37, 7528.6
53, 7528.6
17, 7529
51, 7529.4
52, 7529.4
44, 7529.5
62, 7529.6
59, 7529.8
60, 7529.8
16, 7530.2
22, 7530.5
57, 7530.6
49, 7530.8
41, 7531
61, 7531.1
58, 7531.5
3, 7533.3
24, 7533.3
15, 7533.4
32, 7533.5
12, 7533.7
19, 7534.6
30, 7534.7
27, 7534.9
25, 7535.1
46, 7535.1
43, 7535.2
36, 7535.6
5, 7535.7
2, 7536.4
34, 7536.5
47, 7536.5
4, 7536.7
14, 7536.9
1, 7537.1
18, 7537.5
9, 7538.3
48, 7538.6
10, 7538.8
40, 7538.9
31, 7539.5
6, 7539.7
11, 7540.8
20, 7541.2
59, 7541.8
26, 7542.1
49, 7544.1
18, 7545.1
8, 7554.3
22, 7592.2
9, 7682.2
2, 7709.8
11, 7752.3
25, 7788.4
25, 7856.4
11, 7886.8
34, 8002.8
30, 8015.8
19, 8016.1
2, 8016.4
50, 8016.5
58, 8016.5
47, 8016.8
14, 8017.1
12, 8017.2
27, 8017.2
52, 8017.3
56, 8017.3
45, 8017.4
28, 8017.6
34, 8017.6
49, 8017.8
22, 8017.9
13, 8018
21, 8018
40, 8018.1
38, 8018.4
60, 8018.4
61, 8018.6
23, 8018.9
10, 8019.2
20, 8019.2
35, 8019.2
36, 8019.8
1, 8019.9
31, 8020
16, 8020.1
62, 8020.2
17, 8020.5
51, 8021.3
41, 8021.5
30, 8021.6
53, 8021.7
19, 8022
29, 8022.7
50, 8022.8
2, 8023
58, 8023.1
56, 8023.8
14, 8024.2
27, 8024.3
44, 8024.3
12, 8024.5
45, 8024.5
49, 8024.5
52, 8024.5
47, 8024.6
22, 8024.8
61, 8025
26, 8025.2
32, 8025.3
28, 8025.7
46, 8025.7
21, 8025.8
18, 8025.9
40, 8025.9
4, 8026
60, 8026
36, 8026.3
10, 8026.4
42, 8026.5
13, 8026.7
11, 8026.8
25, 8026.8
3, 8026.9
38, 8026.9
24, 8027
31, 8027
35, 8027
1, 8027.1
20, 8027.1
23, 8027.3
30, 8027.6
48, 8027.6
8, 8028.5
17, 8029.1
19, 8029.1
61, 8029.1
62, 8029.4
16, 8029.9
51, 8030.2
2, 8030.6
58, 8031.1
59, 8031.2
49, 8031.3
53, 8031.3
15, 8031.4
37, 8031.7
57, 8031.8
22, 8032.3
44, 8032.3
41, 8032.5
50, 8032.7
54, 8033.1
32, 8033.2
47, 8033.2
12, 8033.3
46, 8033.8
27, 8034.1
52, 8034.8
40, 8034.9
61, 8035
26, 8035.1
4, 8035.3
5, 8035.3
9, 8035.3
1, 8035.6
3, 8036
25, 8036
48, 8036
11, 8036.1
14, 8036.2
30, 8036.2
24, 8036.5
18, 8036.7
33, 8037.5
57, 8037.5
6, 8037.6
36, 8037.7
10, 8038.3
31, 8038.5
60, 8038.6
43, 8039.3
56, 8040.1
20, 8040.2
35, 8043.4
49, 8046.5
33, 8047.7
57, 8048.7
39, 8048.8
54, 8082.9
2, 8158.9
38, 8163.5
19, 8190.6
7, 8219.1
2, 8228.9
52, 8265.2
42, 8268.5
52, 8278.5
42, 8281.4
8, 8289.6
8, 8302.3
34, 8316.2
34, 8337
60, 8359.8
49, 8365.1
49, 8376.4
53, 8379.2
60, 8379.3
11, 8382.5
4, 8383.9
61, 8392
4, 8396.3
11, 8396.4
53, 8396.5
56, 8400.3
61, 8401.6
56, 8415.5
57, 8447.4
57, 8466.5
5, 8469.5
5, 8482.5
44, 8489.8
44, 8505.3
40, 8506.6
40, 8513.6
30, 8515.1
58, 8515.5
2, 8515.7
19, 8516
38, 8516.2
28, 8516.3
50, 8516.5
35, 8517
12, 8517.2
27, 8517.2
47, 8517.2
14, 8517.3
36, 8517.4
52, 8517.5
31, 8517.6
49, 8517.6
22, 8517.8
45, 8517.9
56, 8518
21, 8518.2
13, 8518.8
20, 8519.1
53, 8519.2
10, 8519.3
60, 8519.3
23, 8519.4
1, 8519.5
2, 8519.6
26, 8519.7
16, 8519.8
30, 8519.8
61, 8519.8
46, 8520.5
51, 8520.5
17, 8520.8
62, 8521.1
58, 8521.2
40, 8521.3
4, 8521.6
19, 8521.8
28, 8522
41, 8522.1
29, 8522.5
50, 8522.6
38, 8522.8
36, 8522.9
35, 8523.4
49, 8523.6
27, 8523.8
14, 8523.9
2, 8524
12, 8524.2
31, 8524.3
52, 8524.4
22, 8524.5
47, 8524.5
30, 8524.7
18, 8524.8
56, 8524.8
32, 8525
45, 8525.7
42, 8525.8
21, 8526
25, 8526
1, 8526.4
60, 8526.6
61, 8526.6
13, 8526.7
46, 8526.7
26, 8526.8
8, 8527.1
20, 8527.2
53, 8527.2
3, 8527.3
10, 8527.3
24, 8527.3
34, 8527.3
15, 8527.5
23, 8527.5
58, 8527.5
11, 8528.4
40, 8528.4
48, 8528.4
19, 8528.5
16, 8529.1
62, 8529.1
4, 8529.2
2, 8529.5
17, 8529.5
49, 8530
51, 8530.3
59, 8530.5
36, 8530.8
30, 8531.5
28, 8532.1
22, 8532.2
50, 8532.4
12, 8532.5
43, 8532.7
31, 8533.1
32, 8533.2
37, 8533.2
41, 8533.3
27, 8533.6
47, 8533.6
35, 8533.7
38, 8533.7
54, 8534.3
33, 8534.6
44, 8535
0, 8535.2
9, 8536.1
25, 8536.1
52, 8536.1
14, 8536.2
1, 8536.4
60, 8538.1
6, 8538.2
24, 8538.6
3, 8538.8
2, 8539.5
48, 8540.4
31, 8545
15, 8545.2
1, 8555.2
53, 8629
41, 8637.5
37, 8679.4
15, 8701.8
21, 8778
39, 8855.7
14, 8896.5
1, 8936.6
1, 8949
40, 8974
40, 8986.7
62, 9002.2
24, 9013
62, 9014.7
30, 9015.2
58, 9015.7
49, 9016
28, 9016.2
36, 9016.2
22, 9016.3
19, 9016.4
27, 9016.4
38, 9016.6
60, 9016.7
2, 9016.8
50, 9016.8
53, 9016.9
14, 9017.2
56, 9017.2
35, 9017.3
51, 9017.4
52, 9017.4
12, 9017.5
47, 9017.5
16, 9017.6
45, 9017.8
31, 9018
21, 9018.1
13, 9018.9
10, 9019
20, 9019
23, 9019.1
61, 9019.1
30, 9019.7
4, 9019.8
24, 9019.8
26, 9019.8
25, 9020.6
34, 9021.1
58, 9021.1
17, 9021.2
36, 9021.2
49, 9021.2
46, 9021.4
27, 9021.8
19, 9021.9
22, 9021.9
51, 9021.9
41, 9022
28, 9022.1
40, 9022.4
1, 9022.5
2, 9022.6
38, 9022.7
60, 9022.7
29, 9023.2
53, 9023.2
50, 9023.4
62, 9023.4
52, 9023.8
12, 9023.9
44, 9023.9
56, 9023.9
47, 9024
35, 9024.1
14, 9024.2
31, 9024.2
30, 9024.5
3, 9024.6
45, 9024.7
16, 9024.9
11, 9025
32, 9025
61, 9025.3
20, 9025.5
13, 9025.7
42, 9025.7
21, 9025.8
4, 9025.9
10, 9026.1
8, 9026.2
48, 9026.2
26, 9026.3
23, 9026.5
24, 9026.7
49, 9026.7
58, 9026.8
0, 9026.9
18, 9026.9
25, 9027.1
46, 9027.2
36, 9027.3
22, 9027.8
51, 9028.2
19, 9028.5
15, 9028.6
34, 9028.6
59, 9028.6
2, 9028.7
27, 9028.7
3, 9028.9
17, 9028.9
60, 9029.3
40, 9030.5
1, 9030.7
12, 9031.2
44, 9031.3
50, 9031.4
41, 9031.5
30, 9031.8
28, 9032
31, 9032
5, 9032.4
54, 9032.6
32, 9032.7
53, 9032.7
16, 9032.8
52, 9032.8
37, 9032.9
38, 9033
33, 9033.7
9, 9034
57, 9034.2
35, 9034.3
47, 9034.3
61, 9034.5
49, 9034.8
14, 9035.3
11, 9035.5
3, 9035.7
48, 9036
6, 9036.7
43, 9036.9
10, 9038
22, 9038.6
0, 9039.3
56, 9039.3
2, 9039.8
20, 9040.1
39, 9040.7
8, 9042.1
58, 9042.8
15, 9043.3
55, 9045.7
25, 9048.9
9, 9063.1
52, 9108
49, 9148.5
51, 9269.2
11, 9299
43, 9332
33, 9358.7
45, 9364.2
45, 9379.1
51, 9465.7
51, 9479
58, 9514.9
30, 9515.1
36, 9515.3
27, 9515.6
38, 9515.7
16, 9516
49, 9516.1
19, 9516.3
28, 9516.4
22, 9516.5
13, 9516.7
50, 9516.7
60, 9516.8
53, 9517
1, 9517.1
2, 9517.1
56, 9517.3
14, 9517.4
52, 9517.4
35, 9517.6
47, 9517.7
12, 9517.8
21, 9518.2
25, 9518.4
31, 9518.4
45, 9518.5
61, 9518.8
17, 9518.9
40, 9519.3
23, 9519.6
30, 9519.6
58, 9519.6
36, 9519.7
10, 9519.8
20, 9519.8
11, 9519.9
32, 9519.9
26, 9520
4, 9520.3
27, 9520.6
38, 9521
62, 9521
34, 9521.3
57, 9521.4
49, 9521.6
59, 9521.6
46, 9521.9
16, 9522
19, 9522
41, 9522.1
22, 9522.4
13, 9522.6
28, 9522.7
2, 9522.8
60, 9522.8
50, 9523.1
1, 9523.3
52, 9523.4
53, 9523.4
29, 9523.5
56, 9523.7
12, 9523.9
47, 9524
14, 9524.1
35, 9524.2
25, 9524.4
30, 9524.4
44, 9524.5
58, 9524.5
31, 9524.7
36, 9524.7
61, 9524.9
3, 9525.5
17, 9525.6
40, 9525.6
21, 9525.7
32, 9525.9
45, 9525.9
24, 9526
18, 9526.3
4, 9526.4
8, 9526.4
27, 9526.4
49, 9526.4
26, 9526.5
20, 9526.6
51, 9526.7
11, 9526.8
42, 9526.8
54, 9526.8
48, 9527
10, 9527.1
23, 9527.2
46, 9527.9
0, 9528.1
62, 9528.1
15, 9528.3
22, 9528.5
34, 9528.6
19, 9528.7
59, 9528.7
16, 9529
38, 9529
1, 9529.7
13, 9529.8
12, 9530
2, 9530.4
60, 9530.5
30, 9530.7
28, 9530.9
37, 9530.9
5, 9531.1
41, 9531.1
50, 9531.6
47, 9531.9
33, 9532
53, 9532
36, 9532.1
9, 9532.3
43, 9532.4
57, 9532.4
58, 9532.4
61, 9532.4
52, 9532.5
44, 9532.8
35, 9533
3, 9533.1
49, 9533.1
6, 9533.2
25, 9533.2
14, 9534.3
40, 9534.3
24, 9534.9
32, 9535
17, 9535.1
31, 9535.1
12, 9535.3
27, 9536.2
41, 9536.2
10, 9536.4
54, 9536.9
22, 9537.1
20, 9538.2
8, 9538.4
55, 9538.5
48, 9538.9
39, 9539.7
56, 9540.5
15, 9541.3
21, 9541.7
2, 9541.8
11, 9541.8
46, 9541.8
0, 9542.1
4, 9542.3
16, 9542.4
37, 9543.9
41, 9546.3
9, 9549.9
5, 9560.6
30, 9665.7
37, 9700.9
47, 9705.7
1, 9708.2
8, 9710.5
1, 9722.4
52, 9722.5
8, 9723.7
21, 9816.6
8, 9829
48, 9834.3
48, 9849.5
46, 9956
58, 10014.8
30, 10015
19, 10015.3
36, 10015.3
38, 10015.5
27, 10015.6
16, 10015.8
53, 10015.9
13, 10016
49, 10016.1
22, 10016.3
28, 10016.4
56, 10016.4
60, 10016.6
50, 10016.8
2, 10016.9
1, 10017
12, 10017.4
14, 10017.4
47, 10017.5
52, 10017.5
35, 10017.6
23, 10017.8
45, 10017.8
25, 10018
21, 10018.2
31, 10018.2
17, 10018.9
40, 10019
61, 10019.2
26, 10019.5
30, 10019.5
10, 10019.6
20, 10019.6
58, 10019.6
36, 10019.7
32, 10019.9
0, 10020
18, 10020
4, 10020.1
19, 10020.1
27, 10020.3
11, 10020.5
34, 10020.9
38, 10020.9
51, 10020.9
62, 10020.9
57, 10021.1
13, 10021.3
49, 10021.7
16, 10021.8
41, 10021.8
53, 10021.8
22, 10022.2
56, 10022.5
28, 10022.6
59, 10022.6
2, 10022.7
60, 10022.7
1, 10023
50, 10023.2
46, 10023.3
29, 10023.4
52, 10023.7
12, 10023.8
14, 10024
35, 10024.2
44, 10024.2
25, 10024.3
30, 10024.3
47, 10024.3
31, 10024.4
58, 10024.4
23, 10024.6
45, 10024.6
36, 10024.7
40, 10025.1
19, 10025.2
17, 10025.5
61, 10025.5
3, 10025.6
21, 10025.7
24, 10025.8
32, 10025.8
8, 10025.9
4, 10026
27, 10026
26, 10026.3
37, 10026.3
54, 10026.3
20, 10026.6
49, 10026.7
0, 10026.8
10, 10026.8
42, 10026.9
33, 10027
15, 10027.1
48, 10027.5
22, 10027.6
38, 10027.8
13, 10028.1
16, 10028.2
18, 10028.2
11, 10028.3
34, 10028.3
62, 10028.5
39, 10028.6
2, 10028.9
1, 10029
51, 10029
53, 10029
60, 10029
57, 10030
56, 10030.1
59, 10030.3
28, 10030.4
50, 10030.4
12, 10030.5
43, 10030.5
30, 10030.6
58, 10030.6
41, 10031.1
46, 10031.1
35, 10031.2
5, 10031.7
31, 10031.8
44, 10031.9
36, 10032.1
25, 10032.3
14, 10032.7
19, 10032.9
6, 10033.1
9, 10033.1
40, 10033.1
3, 10033.4
49, 10033.6
52, 10033.6
24, 10033.9
32, 10033.9
37, 10033.9
47, 10034
17, 10034.8
54, 10035.3
61, 10035.3
10, 10035.9
22, 10035.9
33, 10036.1
15, 10036.2
27, 10036.7
8, 10036.9
55, 10036.9
20, 10038.6
2, 10038.9
4, 10039.4
1, 10039.6
48, 10039.8
26, 10042.1
16, 10042.8
45, 10043
6, 10071.4
0, 10080.5
8, 10119.8
23, 10127.7
6, 10135.4
50, 10183.6
5, 10200.3
21, 10235.3
39, 10250.1
39, 10268.3
33, 10271.2
5, 10328.3
19, 10378.9
32, 10381.8
36, 10387.8
19, 10388.5
32, 10395.3
43, 10396.1
36, 10396.6
43, 10406.6
28, 10430.7
12, 10438.5
28, 10441.2
31, 10444.9
28, 10449.6
12, 10454
31, 10456
5, 10469
26, 10471
26, 10487.7
32, 10495.1
22, 10504
30, 10512.2
22, 10513
58, 10514.7
38, 10515.3
30, 10515.4
36, 10515.4
19, 10515.5
27, 10515.6
56, 10515.6
60, 10515.6
53, 10515.8
16, 10515.9
23, 10516
49, 10516
13, 10516.1
14, 10516.5
2, 10516.7
50, 10516.7
1, 10517
20, 10517.4
52, 10517.4
35, 10517.6
28, 10517.8
45, 10517.9
21, 10518
22, 10518
47, 10518
25, 10518.2
17, 10518.4
40, 10518.8
44, 10518.8
12, 10519.1
61, 10519.2
30, 10519.4
58, 10519.4
0, 10519.6
10, 10519.6
36, 10519.8
4, 10519.9
31, 10520
11, 10520.3
18, 10520.3
27, 10520.3
19, 10520.4
26, 10520.4
38, 10520.5
56, 10520.7
57, 10520.7
62, 10520.7
46, 10520.8
51, 10520.8
39, 10520.9
32, 10521
13, 10521.2
60, 10521.2
34, 10521.3
53, 10521.4
49, 10521.5
23, 10521.7
16, 10521.9
41, 10522.2
2, 10522.4
59, 10522.5
14, 10522.6
50, 10522.8
1, 10522.9
20, 10523.1
29, 10523.3
52, 10523.5
22, 10523.6
30, 10523.9
35, 10524.2
58, 10524.2
25, 10524.3
47, 10524.5
40, 10524.7
17, 10525
36, 10525.1
45, 10525.1
44, 10525.4
19, 10525.6
21, 10525.6
24, 10525.6
61, 10525.6
3, 10525.7
8, 10525.8
12, 10525.9
28, 10525.9
54, 10526
4, 10526.1
37, 10526.1
27, 10526.4
49, 10526.4
56, 10526.5
31, 10526.6
48, 10526.6
10, 10526.8
46, 10526.9
0, 10527
60, 10527
15, 10527.1
38, 10527.2
33, 10527.3
13, 10527.9
42, 10527.9
16, 10528.1
2, 10528.2
11, 10528.4
32, 10528.6
1, 10528.8
26, 10528.8
53, 10528.9
62, 10528.9
23, 10529
50, 10529
51, 10529
57, 10529.1
18, 10529.2
59, 10529.4
14, 10529.6
30, 10529.7
39, 10529.8
34, 10530.1
58, 10530.9
22, 10531.3
20, 10531.5
40, 10531.7
25, 10532
41, 10532.2
35, 10532.4
6, 10533.3
17, 10533.3
9, 10533.4
49, 10533.5
52, 10533.6
43, 10534
19, 10534.1
24, 10534.3
47, 10534.4
37, 10534.5
54, 10535.1
36, 10535.7
7, 10536.3
3, 10536.4
61, 10536.4
33, 10536.6
27, 10536.8
44, 10536.8
8, 10537.2
48, 10537.7
10, 10537.8
15, 10538.6
2, 10540
60, 10540.1
55, 10542.6
7, 10543.2
5, 10543.6
35, 10613.4
36, 10685.7
47, 10739.1
26, 10809
26, 10822.5
41, 10877.1
41, 10891.8
48, 10938.8
5, 10950.4
41, 10952.6
48, 10954.6
19, 10972.9
5, 10980.2
21, 10986.2
19, 10986.5
21, 10997.5
24, 11006.6
58, 11014.8
30, 11014.9
24, 11015.2
36, 11015.2
38, 11015.3
16, 11015.5
27, 11015.5
60, 11015.5
53, 11015.6
56, 11015.6
19, 11015.8
13, 11016
20, 11016
22, 11016
49, 11016
23, 11016.1
28, 11016.3
14, 11016.4
2, 11016.5
50, 11016.7
1, 11017
10, 11017
35, 11017.5
45, 11017.5
52, 11017.5
12, 11017.6
21, 11017.6
26, 11017.8
47, 11018
31, 11018.1
25, 11018.3
44, 11018.5
17, 11018.9
40, 11018.9
30, 11019.4
29, 11019.6
36, 11019.6
58, 11019.6
0, 11019.8
32, 11019.8
61, 11019.8
11, 11019.9
4, 11020.1
27, 11020.2
57, 11020.4
62, 11020.4
38, 11020.6
46, 11020.7
56, 11020.7
18, 11020.9
13, 11021.1
16, 11021.1
20, 11021.1
51, 11021.1
53, 11021.1
60, 11021.1
34, 11021.2
19, 11021.4
39, 11021.4
49, 11021.4
22, 11021.7
23, 11021.8
2, 11022.4
14, 11022.4
28, 11022.4
59, 11022.7
1, 11022.9
50, 11022.9
10, 11023.2
12, 11023.4
26, 11023.5
48, 11023.6
52, 11023.7
25, 11023.9
35, 11023.9
30, 11024
47, 11024.1
58, 11024.3
31, 11024.4
36, 11024.4
45, 11024.5
21, 11024.6
40, 11024.6
54, 11024.8
44, 11024.9
3, 11025.1
17, 11025.4
61, 11025.5
32, 11025.6
27, 11025.7
24, 11025.9
49, 11025.9
4, 11026.1
37, 11026.1
8, 11026.2
33, 11026.4
46, 11026.4
38, 11026.6
56, 11026.6
60, 11026.7
16, 11026.9
22, 11026.9
0, 11027.1
11, 11027.1
19, 11027.1
42, 11027.1
41, 11027.3
13, 11027.4
15, 11027.5
20, 11027.5
62, 11028
53, 11028.3
2, 11028.5
18, 11028.8
1, 11028.9
34, 11028.9
23, 11029.1
29, 11029.1
39, 11029.1
14, 11029.2
50, 11029.2
51, 11029.2
59, 11029.3
57, 11029.4
28, 11029.7
30, 11029.7
10, 11029.8
43, 11030
58, 11030.6
12, 11031
35, 11031
25, 11031.6
31, 11031.7
6, 11031.8
36, 11031.9
26, 11032
40, 11032.1
54, 11032.1
49, 11032.4
48, 11032.8
3, 11033.2
9, 11033.4
47, 11033.7
32, 11034.1
17, 11034.3
55, 11034.4
52, 11034.5
37, 11034.6
33, 11034.7
61, 11034.8
44, 11035.1
27, 11035.4
22, 11035.5
8, 11037.4
15, 11038.7
60, 11038.9
46, 11040.2
2, 11040.7
4, 11043.4
1, 11045
16, 11045.2
21, 11057.1
23, 11122.2
40, 11140.5
1, 11161.1
51, 11219.5
3, 11224.1
61, 11285.4
0, 11286.3
54, 11288.9
51, 11297.1
54, 11299.9
61, 11301
0, 11302.9
39, 11327
39, 11337.4
26, 11492.9
30, 11514.7
58, 11514.8
38, 11515.1
56, 11515.2
19, 11515.3
36, 11515.3
16, 11515.4
22, 11515.4
60, 11515.4
28, 11515.5
27, 11515.7
26, 11515.9
20, 11516
53, 11516
13, 11516.1
23, 11516.2
49, 11516.2
21, 11516.4
14, 11516.5
50, 11516.9
1, 11517.1
2, 11517.1
17, 11517.1
44, 11517.3
10, 11517.5
12, 11517.7
35, 11517.7
51, 11517.7
52, 11517.7
45, 11517.9
47, 11518.1
31, 11518.2
46, 11518.3
25, 11518.7
30, 11518.8
39, 11519.1
48, 11519.1
40, 11519.3
4, 11519.5
58, 11519.6
36, 11519.7
29, 11519.9
38, 11519.9
56, 11519.9
61, 11519.9
32, 11520
19, 11520.3
22, 11520.3
0, 11520.4
16, 11520.4
27, 11520.4
11, 11520.5
28, 11520.5
60, 11520.5
3, 11520.6
18, 11520.7
20, 11521
13, 11521.2
34, 11521.2
49, 11521.4
57, 11521.4
62, 11521.4
23, 11521.6
53, 11521.6
21, 11521.9
41, 11522
14, 11522.2
1, 11522.6
2, 11522.8
26, 11522.8
59, 11522.8
44, 11522.9
50, 11522.9
30, 11523.2
12, 11523.3
17, 11523.4
10, 11523.6
51, 11523.7
52, 11523.7
35, 11523.8
46, 11524
58, 11524
31, 11524.2
47, 11524.2
25, 11524.3
36, 11524.6
45, 11524.8
22, 11524.9
40, 11524.9
48, 11524.9
24, 11525
56, 11525
4, 11525.3
8, 11525.3
37, 11525.3
19, 11525.4
38, 11525.5
27, 11525.6
32, 11525.6
33, 11525.6
61, 11525.8
60, 11525.9
16, 11526
39, 11526.1
49, 11526.1
54, 11526.2
28, 11526.5
3, 11526.6
42, 11526.7
15, 11526.8
20, 11527
0, 11527.4
11, 11527.5
13, 11527.5
1, 11528.4
34, 11528.4
18, 11528.5
14, 11528.7
21, 11528.8
30, 11528.8
2, 11528.9
53, 11529.1
62, 11529.2
23, 11529.4
50, 11530
5, 11530.1
59, 11530.1
17, 11530.2
41, 11530.3
44, 11530.3
10, 11530.7
29, 11530.7
58, 11530.7
12, 11531.1
22, 11531.2
57, 11531.2
9, 11531.4
26, 11531.6
43, 11531.6
31, 11531.7
35, 11531.7
6, 11532.2
25, 11532.3
37, 11532.3
46, 11532.3
36, 11532.4
49, 11533
19, 11533.2
40, 11533.3
33, 11533.4
47, 11533.4
32, 11533.7
24, 11533.9
52, 11533.9
48, 11534
8, 11534.5
54, 11534.9
16, 11535
27, 11535
60, 11535.2
55, 11535.4
61, 11536.2
4, 11536.3
51, 11536.7
15, 11537.8
2, 11538.9
45, 11539
20, 11540.2
38, 11540.3
30, 11542.2
14, 11543
1, 11544.1
56, 11548.1
34, 11602.6
41, 11639.9
44, 11661.8
20, 11685.4
42, 11713.3
24, 11714.1
24, 11723.9
54, 11725.8
24, 11738.9
16, 11763.6
16, 11776.3
42, 11875.1
37, 11877.1
37, 11891.4
8, 11898.2
42, 11901.7
8, 11913
32, 11920.7
32, 11932.4
22, 11984.7
22, 11998.7
35, 12009.9
35, 12014.2
30, 12014.7
56, 12014.8
58, 12014.8
38, 12015.1
36, 12015.3
60, 12015.3
16, 12015.4
20, 12015.4
28, 12015.4
19, 12015.5
27, 12015.7
13, 12016.1
23, 12016.1
49, 12016.1
53, 12016.1
22, 12016.3
14, 12016.4
21, 12016.5
50, 12016.8
1, 12016.9
39, 12017
2, 12017.1
17, 12017.1
44, 12017.1
57, 12017.4
10, 12017.5
51, 12017.6
52, 12017.8
12, 12017.9
26, 12017.9
45, 12017.9
47, 12018
18, 12018.1
46, 12018.2
31, 12018.3
25, 12018.4
3, 12018.5
30, 12018.8
56, 12019
48, 12019.2
58, 12019.2
61, 12019.2
29, 12019.3
35, 12019.6
40, 12019.6
36, 12019.7
0, 12019.8
38, 12019.8
4, 12019.9
20, 12019.9
60, 12020.1
19, 12020.2
16, 12020.4
27, 12020.4
28, 12020.4
11, 12020.5
13, 12021.1
34, 12021.2
49, 12021.2
62, 12021.3
8, 12021.6
21, 12021.6
23, 12021.6
32, 12021.6
53, 12021.6
22, 12021.9
41, 12022
14, 12022.2
37, 12022.2
2, 12022.4
1, 12022.5
59, 12022.5
44, 12022.9
50, 12022.9
30, 12023
42, 12023
10, 12023.2
17, 12023.3
39, 12023.4
12, 12023.5
58, 12023.5
51, 12023.6
52, 12023.6
26, 12023.7
56, 12023.7
3, 12023.8
5, 12023.8
31, 12023.9
45, 12024
46, 12024
25, 12024.1
47, 12024.2
57, 12024.3
18, 12024.5
24, 12024.6
36, 12024.6
48, 12024.8
20, 12024.9
40, 12025
19, 12025.3
60, 12025.3
61, 12025.3
35, 12025.4
38, 12025.4
16, 12025.5
27, 12025.5
33, 12025.5
49, 12025.6
54, 12025.6
4, 12025.8
0, 12026
15, 12026.1
28, 12026.3
13, 12027.4
11, 12027.6
21, 12027.6
22, 12027.6
2, 12027.7
34, 12028.1
1, 12028.3
32, 12028.3
14, 12028.4
30, 12028.5
62, 12028.9
29, 12029.1
37, 12029.1
23, 12029.4
53, 12029.4
8, 12029.6
50, 12029.6
59, 12029.6
41, 12029.8
17, 12029.9
10, 12030
58, 12030.2
9, 12030.3
44, 12030.5
43, 12030.7
6, 12031.2
3, 12031.3
31, 12031.4
12, 12031.6
46, 12031.9
49, 12031.9
25, 12032
20, 12032.2
52, 12032.2
24, 12032.4
36, 12032.4
40, 12032.4
33, 12032.5
39, 12032.8
47, 12032.8
56, 12032.8
19, 12032.9
26, 12033
55, 12033
5, 12033.3
27, 12033.4
48, 12033.5
16, 12033.6
60, 12033.6
54, 12034
61, 12034
51, 12034.7
2, 12035.2
21, 12036
22, 12036.4
57, 12036.7
38, 12037.6
15, 12038.2
30, 12039.3
4, 12039.5
9, 12040.1
28, 12040.4
18, 12041.1
45, 12041.4
42, 12042.4
51, 12126
48, 12207.1
59, 12239.8
44, 12288
44, 12303
60, 12309.8
60, 12327.7
60, 12355.9
17, 12359.8
17, 12373.3
21, 12378.9
21, 12392.3
53, 12429.5
53, 12444
36, 12514.7
30, 12514.8
56, 12514.8
20, 12514.9
58, 12514.9
38, 12515.2
16, 12515.4
19, 12515.5
22, 12515.5
28, 12515.5
60, 12515.6
27, 12515.7
13, 12516.1
21, 12516.1
44, 12516.1
35, 12516.2
49, 12516.2
52, 12516.2
23, 12516.4
14, 12516.5
50, 12516.8
39, 12516.9
53, 12516.9
1, 12517.1
47, 12517.1
2, 12517.2
17, 12517.4
51, 12517.4
10, 12517.5
57, 12517.5
12, 12517.7
45, 12518
18, 12518.2
26, 12518.3
31, 12518.3
46, 12518.3
3, 12518.5
36, 12518.6
25, 12518.7
30, 12518.9
20, 12519
48, 12519.1
56, 12519.1
58, 12519.4
40, 12519.6
61, 12519.7
29, 12519.8
32, 12519.9
38, 12520
0, 12520.1
4, 12520.2
19, 12520.2
22, 12520.4
8, 12520.5
11, 12520.5
16, 12520.5
27, 12520.5
60, 12520.6
28, 12520.8
13, 12521.1
42, 12521.1
34, 12521.2
37, 12521.2
21, 12521.3
44, 12521.3
62, 12521.3
49, 12521.4
52, 12521.5
35, 12521.7
41, 12521.8
23, 12522.1
14, 12522.2
59, 12522.4
1, 12522.6
2, 12522.7
36, 12522.8
39, 12522.9
50, 12522.9
53, 12522.9
47, 12523
30, 12523.1
12, 12523.3
10, 12523.4
17, 12523.6
51, 12523.6
58, 12523.6
20, 12523.7
56, 12523.7
46, 12523.8
31, 12523.9
3, 12524.2
26, 12524.2
25, 12524.3
45, 12524.3
5, 12524.4
18, 12524.5
57, 12524.5
48, 12524.6
24, 12524.7
33, 12524.9
22, 12525
40, 12525
19, 12525.3
38, 12525.6
54, 12525.6
27, 12525.7
16, 12525.8
61, 12525.8
41, 12525.9
32, 12526
49, 12526
0, 12526.1
15, 12526.1
60, 12526.1
4, 12526.4
28, 12526.6
8, 12526.9
13, 12527.1
44, 12527.2
37, 12527.3
35, 12527.4
21, 12527.5
11, 12527.6
36, 12527.9
1, 12528.1
52, 12528.1
14, 12528.3
34, 12528.4
2, 12528.6
30, 12528.6
62, 12529
29, 12529.2
59, 12529.2
50, 12529.4
43, 12529.5
17, 12529.7
20, 12529.8
58, 12529.8
10, 12529.9
23, 12530
42, 12530.2
39, 12530.4
46, 12530.5
22, 12530.7
47, 12530.7
9, 12530.8
12, 12530.8
31, 12531.2
41, 12531.2
6, 12531.3
25, 12531.3
51, 12531.7
53, 12531.7
56, 12531.8
24, 12531.9
33, 12532
40, 12532
3, 12532.2
26, 12532.5
49, 12532.8
48, 12533.2
19, 12533.3
60, 12533.4
16, 12533.7
5, 12533.8
27, 12533.9
54, 12533.9
32, 12534.2
57, 12534.6
61, 12534.8
55, 12535.4
37, 12535.6
38, 12536.3
15, 12537.1
36, 12537.1
18, 12537.2
30, 12538.3
44, 12539
2, 12539.6
1, 12540.8
9, 12544.3
22, 12546.7
31, 12548.6
8, 12552.3
47, 12625.5
29, 12666.3
13, 12706.4
43, 12739.9
32, 12788.4
32, 12801.3
38, 12816.2
13, 12820.9
38, 12833.1
44, 12873.2
44, 12891
22, 12916.1
22, 12927.9
48, 12982.2
48, 13008.4
36, 13014.3
20, 13014.5
38, 13014.6
30, 13014.8
60, 13014.8
56, 13014.9
58, 13015
16, 13015.1
19, 13015.4
27, 13015.6
28, 13015.6
35, 13015.7
21, 13015.8
1, 13016
22, 13016
52, 13016
13, 13016.1
53, 13016.1
49, 13016.2
44, 13016.3
23, 13016.4
14, 13016.5
18, 13016.9
47, 13016.9
39, 13017
2, 13017.1
17, 13017.1
50, 13017.1
10, 13017.5
51, 13017.5
57, 13017.7
45, 13017.8
12, 13017.9
32, 13017.9
36, 13017.9
41, 13018
20, 13018.2
26, 13018.2
3, 13018.3
31, 13018.3
46, 13018.4
38, 13018.6
25, 13018.7
30, 13018.9
60, 13019
56, 13019.2
16, 13019.5
40, 13019.6
58, 13019.6
61, 13019.6
48, 13019.8
29, 13019.9
19, 13020
4, 13020.2
27, 13020.3
0, 13020.6
8, 13020.6
11, 13020.6
28, 13020.7
35, 13020.8
21, 13020.9
22, 13020.9
1, 13021
13, 13021.1
34, 13021.2
49, 13021.2
52, 13021.2
37, 13021.4
62, 13021.4
53, 13021.6
42, 13021.8
36, 13022
44, 13022
14, 13022.1
20, 13022.4
23, 13022.4
59, 13022.5
47, 13022.6
2, 13022.7
18, 13022.7
39, 13022.9
30, 13023.1
10, 13023.2
17, 13023.3
38, 13023.3
12, 13023.5
32, 13023.5
50, 13023.5
60, 13023.6
3, 13023.9
26, 13023.9
5, 13024
56, 13024
31, 13024.1
58, 13024.1
16, 13024.2
25, 13024.3
46, 13024.3
45, 13024.4
51, 13024.5
54, 13024.5
41, 13024.7
33, 13024.8
24, 13024.9
19, 13025.1
40, 13025.1
57, 13025.3
6, 13025.4
27, 13025.5
61, 13025.6
1, 13025.9
22, 13026
49, 13026
35, 13026.3
15, 13026.4
28, 13026.4
4, 13026.5
0, 13026.6
36, 13026.6
21, 13026.7
8, 13026.9
48, 13027
13, 13027.1
11, 13027.4
37, 13027.5
20, 13027.6
52, 13027.9
44, 13028
34, 13028.1
30, 13028.3
2, 13028.6
53, 13028.8
14, 13028.9
59, 13029
17, 13029.5
62, 13029.5
10, 13029.7
29, 13029.7
47, 13029.7
32, 13030
43, 13030
16, 13030.2
60, 13030.2
50, 13030.3
38, 13030.5
58, 13030.7
9, 13030.9
23, 13030.9
46, 13030.9
3, 13031.3
25, 13031.5
18, 13031.6
31, 13031.6
54, 13031.6
12, 13031.7
33, 13031.9
42, 13031.9
22, 13032
40, 13032.1
49, 13032.4
56, 13032.4
19, 13032.5
26, 13032.5
39, 13032.5
24, 13032.6
5, 13033
1, 13033.2
36, 13033.7
6, 13034.2
55, 13034.4
27, 13034.6
61, 13034.6
21, 13035.5
35, 13035.8
57, 13035.9
30, 13036.2
41, 13036.6
8, 13037.1
37, 13037.1
51, 13037.1
15, 13037.6
20, 13037.9
2, 13039.2
28, 13039.3
0, 13040.4
9, 13044.4
7, 13047
11, 13047.5
13, 13126.2
7, 13126.8
56, 13222.2
54, 13236.5
17, 13252.7
45, 13263
14, 13303.2
11, 13330.4
11, 13345.6
50, 13350.8
50, 13361.9
49, 13372.2
49, 13384
22, 13390.8
27, 13393
22, 13400.7
27, 13403.3
35, 13411.5
35, 13423
50, 13482.8
58, 13505.8
53, 13508.1
58, 13512.9
53, 13513.5
36, 13514
56, 13514.4
20, 13514.5
38, 13514.5
30, 13514.7
60, 13514.8
19, 13514.9
16, 13515.1
22, 13515.2
28, 13515.5
1, 13515.7
13, 13515.8
21, 13515.8
27, 13515.8
44, 13515.9
35, 13516
52, 13516
23, 13516.4
49, 13516.5
46, 13516.6
47, 13516.6
14, 13516.7
18, 13516.9
2, 13517
17, 13517
58, 13517
10, 13517.3
39, 13517.3
36, 13517.4
50, 13517.4
51, 13517.4
32, 13517.5
29, 13517.6
11, 13517.7
57, 13517.7
12, 13517.9
26, 13517.9
45, 13517.9
40, 13518
20, 13518.2
56, 13518.2
53, 13518.3
3, 13518.4
31, 13518.4
41, 13518.4
25, 13518.6
30, 13518.7
38, 13518.7
19, 13519
48, 13519
60, 13519
4, 13519.5
16, 13519.5
22, 13519.5
61, 13519.5
0, 13519.6
8, 13519.8
28, 13520.3
1, 13520.6
21, 13520.6
27, 13520.6
13, 13520.7
24, 13520.7
36, 13521
44, 13521
37, 13521.1
52, 13521.1
34, 13521.2
35, 13521.2
62, 13521.2
42, 13521.4
49, 13521.5
58, 13521.5
46, 13521.9
23, 13522
14, 13522.1
47, 13522.3
20, 13522.4
59, 13522.4
2, 13522.5
10, 13522.6
18, 13522.6
32, 13522.7
56, 13522.7
30, 13522.9
17, 13523
39, 13523.1
19, 13523.3
40, 13523.3
11, 13523.4
12, 13523.4
38, 13523.4
5, 13523.5
26, 13523.6
60, 13523.6
51, 13523.8
22, 13523.9
50, 13523.9
53, 13523.9
31, 13524
45, 13524
3, 13524.1
16, 13524.1
54, 13524.1
25, 13524.2
48, 13524.5
29, 13524.8
33, 13524.9
57, 13525
41, 13525.2
36, 13525.3
1, 13525.4
61, 13525.4
6, 13525.5
4, 13525.8
0, 13526.1
28, 13526.1
8, 13526.3
27, 13526.4
21, 13526.5
13, 13526.6
15, 13526.6
49, 13526.6
44, 13526.8
24, 13526.9
35, 13527.1
37, 13527.1
20, 13527.4
52, 13527.5
46, 13527.8
58, 13527.9
2, 13528.2
10, 13528.2
30, 13528.3
34, 13528.4
22, 13528.7
62, 13528.7
14, 13528.8
59, 13529.1
17, 13529.2
19, 13529.3
32, 13529.3
60, 13529.3
43, 13529.6
47, 13529.6
38, 13529.9
16, 13530
56, 13530
40, 13530.1
18, 13530.2
23, 13530.6
11, 13531
31, 13531.1
36, 13531.2
9, 13531.5
25, 13531.6
54, 13531.6
42, 13531.7
12, 13531.9
26, 13532
39, 13532.1
33, 13532.5
3, 13532.6
53, 13532.6
48, 13532.7
1, 13532.8
5, 13532.9
49, 13533.3
50, 13533.4
55, 13533.6
61, 13534.6
6, 13535
57, 13535.8
21, 13535.9
36, 13536
44, 13536.1
45, 13536.6
2, 13536.7
37, 13536.7
8, 13537.2
51, 13537.2
15, 13537.3
20, 13537.3
30, 13537.4
41, 13537.4
27, 13537.9
22, 13538.1
46, 13538.4
10, 13539.6
28, 13539.9
60, 13540.3
7, 13541.3
24, 13543
9, 13543.5
36, 13546.8
18, 13633.7
9, 13682.8
52, 13792.4
52, 13804.1
42, 13805.5
42, 13818.5
18, 13845.3
18, 13868.2
34, 13952.4
60, 13977.9
60, 13990
39, 13999.5
39, 14013.3
36, 14014
20, 14014.2
60, 14014.3
30, 14014.4
56, 14014.4
38, 14014.6
19, 14014.9
22, 14014.9
34, 14014.9
16, 14015
58, 14015
28, 14015.5
35, 14015.6
49, 14015.6
27, 14015.7
1, 14015.8
21, 14015.8
14, 14015.9
2, 14016
13, 14016
44, 14016.1
53, 14016.1
10, 14016.2
52, 14016.2
23, 14016.3
46, 14016.3
57, 14016.4
17, 14017
47, 14017
50, 14017
11, 14017.3
18, 14017.3
36, 14017.3
20, 14017.6
45, 14017.7
51, 14017.7
29, 14017.8
40, 14017.9
60, 14017.9
12, 14018
32, 14018
30, 14018.1
56, 14018.2
26, 14018.3
41, 14018.3
3, 14018.4
31, 14018.4
25, 14018.5
37, 14018.6
38, 14018.7
19, 14019.1
22, 14019.1
48, 14019.2
16, 14019.4
58, 14019.5
39, 14019.7
61, 14019.7
0, 14020
4, 14020.1
8, 14020.1
49, 14020.1
28, 14020.3
34, 14020.3
27, 14020.4
35, 14020.4
1, 14020.5
21, 14020.6
14, 14020.7
2, 14020.8
13, 14020.8
24, 14021
36, 14021
10, 14021.1
44, 14021.2
33, 14021.4
52, 14021.4
62, 14021.4
20, 14021.5
46, 14021.5
23, 14021.6
53, 14021.6
42, 14021.7
30, 14021.8
57, 14021.8
60, 14021.8
59, 14021.9
47, 14022.5
56, 14022.5
11, 14022.6
50, 14022.6
17, 14022.8
18, 14023.2
22, 14023.2
32, 14023.2
40, 14023.2
12, 14023.5
19, 14023.5
38, 14023.5
45, 14023.6
3, 14023.7
5, 14023.8
58, 14023.8
31, 14023.9
37, 14023.9
51, 14024
16, 14024.1
25, 14024.1
26, 14024.1
49, 14024.4
29, 14024.6
48, 14024.6
54, 14024.8
41, 14024.9
1, 14025.1
6, 14025.1
36, 14025.3
27, 14025.4
61, 14025.5
2, 14025.6
35, 14025.6
15, 14025.8
20, 14025.9
28, 14026
39, 14026.2
0, 14026.3
10, 14026.4
30, 14026.4
4, 14026.5
8, 14026.5
14, 14026.5
21, 14026.5
34, 14026.5
60, 14026.6
13, 14026.8
24, 14026.9
46, 14026.9
33, 14027.2
44, 14027.2
52, 14027.8
53, 14027.9
22, 14028
59, 14028.4
17, 14028.6
62, 14028.6
11, 14029
57, 14029
56, 14029.2
32, 14029.4
47, 14029.5
40, 14029.6
43, 14029.6
9, 14029.7
19, 14029.8
50, 14029.8
49, 14029.9
23, 14030.1
16, 14030.2
37, 14030.2
38, 14030.3
31, 14030.4
58, 14030.4
25, 14030.7
12, 14031
36, 14031.1
18, 14031.2
2, 14031.6
1, 14031.9
3, 14032.1
26, 14032.1
54, 14032.2
20, 14032.4
30, 14032.6
5, 14032.8
7, 14032.8
42, 14032.9
48, 14033.2
27, 14033.4
61, 14034
6, 14034.1
46, 14034.3
10, 14034.4
35, 14034.4
51, 14034.8
55, 14034.8
60, 14034.9
15, 14035.3
41, 14035.5
22, 14036
14, 14037
28, 14037.2
8, 14037.6
21, 14037.6
44, 14038.5
24, 14040.6
9, 14040.9
40, 14043.4
11, 14066.6
25, 14229.8
59, 14414.2
59, 14428.3
14, 14436.7
14, 14450
55, 14471.3
20, 14475.6
20, 14486
54, 14497.4
1, 14502.3
54, 14510.5
1, 14512.7
32, 14513.3
36, 14514.1
20, 14514.2
38, 14514.3
30, 14514.4
60, 14514.4
56, 14514.5
58, 14514.6
19, 14514.8
16, 14514.9
22, 14514.9
52, 14515.2
28, 14515.5
27, 14515.6
35, 14515.6
49, 14515.6
21, 14515.7
57, 14515.7
2, 14515.9
13, 14516
53, 14516
10, 14516.1
44, 14516.1
23, 14516.4
14, 14516.5
37, 14516.5
46, 14516.6
4, 14516.8
18, 14516.8
1, 14516.9
47, 14516.9
50, 14516.9
17, 14517.2
32, 14517.2
39, 14517.2
36, 14517.3
51, 14517.4
11, 14517.5
34, 14517.5
20, 14517.6
40, 14517.6
12, 14517.8
29, 14517.8
38, 14518
45, 14518
61, 14518
26, 14518.1
30, 14518.1
3, 14518.2
60, 14518.2
0, 14518.3
56, 14518.3
31, 14518.4
41, 14518.4
25, 14518.5
58, 14518.7
19, 14518.8
48, 14518.8
22, 14519
16, 14519.4
59, 14519.4
52, 14519.6
8, 14520.2
27, 14520.2
49, 14520.2
35, 14520.3
28, 14520.4
21, 14520.5
2, 14520.7
4, 14520.9
13, 14520.9
24, 14520.9
36, 14520.9
57, 14520.9
33, 14521
10, 14521.1
42, 14521.2
44, 14521.2
62, 14521.2
53, 14521.3
32, 14521.4
20, 14521.5
37, 14521.5
1, 14521.6
46, 14521.7
14, 14521.8
23, 14521.8
30, 14521.8
60, 14522.3
38, 14522.4
50, 14522.4
18, 14522.5
56, 14522.6
58, 14522.6
47, 14522.7
17, 14522.8
22, 14522.9
39, 14522.9
5, 14523
54, 14523
12, 14523.1
19, 14523.1
40, 14523.1
51, 14523.1
11, 14523.2
3, 14523.3
34, 14523.3
0, 14523.7
61, 14523.8
16, 14523.9
26, 14523.9
31, 14523.9
25, 14524
45, 14524
48, 14524.2
49, 14524.3
29, 14524.4
43, 14524.4
52, 14524.6
6, 14524.8
41, 14524.8
27, 14525
36, 14525.1
59, 14525.4
15, 14525.5
2, 14525.6
35, 14525.6
4, 14525.8
21, 14526
28, 14526
20, 14526.1
8, 14526.2
32, 14526.2
10, 14526.4
30, 14526.5
33, 14526.6
24, 14526.7
37, 14526.7
13, 14526.8
44, 14526.8
1, 14526.9
46, 14527.1
57, 14527.1
53, 14527.2
60, 14527.4
7, 14527.5
22, 14527.8
38, 14528.1
58, 14528.4
62, 14528.6
14, 14528.7
19, 14528.7
17, 14528.9
55, 14528.9
40, 14529.2
11, 14529.4
12, 14529.4
50, 14529.5
56, 14529.5
9, 14529.8
49, 14529.8
16, 14529.9
18, 14529.9
47, 14529.9
61, 14529.9
23, 14530.1
31, 14530.3
42, 14530.3
25, 14530.4
3, 14530.7
39, 14530.9
5, 14531
36, 14531.2
34, 14531.3
26, 14531.7
0, 14531.8
2, 14531.8
48, 14531.8
51, 14532.1
52, 14532.4
27, 14532.5
30, 14532.9
54, 14533
6, 14533.4
4, 14533.5
32, 14533.5
10, 14533.6
20, 14533.8
59, 14534.6
46, 14534.7
43, 14534.9
60, 14535.3
15, 14535.7
21, 14535.8
35, 14535.8
22, 14536
62, 14536.1
37, 14536.2
28, 14536.4
41, 14536.4
44, 14536.7
8, 14536.9
24, 14538.5
33, 14538.7
58, 14541.5
9, 14541.6
40, 14542.7
62, 14547.1
42, 14636.5
62, 14648.6
49, 14661.2
36, 14668.8
17, 14684.2
56, 14753.2
48, 14792.7
60, 14965.5
42, 14969.4
60, 14978.1
42, 14984.3
