0.937500 0.937500 6.000000 
2.812500 0.937500 6.000000 
4.687500 0.937500 6.000000 
6.562500 0.937500 6.000000 
8.437500 0.937500 6.000000 
10.312500 0.937500 6.000000 
12.187500 0.937500 6.000000 
14.062500 0.937500 6.000000 
0.937500 2.812500 6.000000 
2.812500 2.812500 6.000000 
4.687500 2.812500 6.000000 
6.562500 2.812500 6.000000 
8.437500 2.812500 6.000000 
10.312500 2.812500 6.000000 
12.187500 2.812500 6.000000 
14.062500 2.812500 6.000000 
0.937500 4.687500 6.000000 
2.812500 4.687500 6.000000 
4.687500 4.687500 6.000000 
6.562500 4.687500 6.000000 
8.437500 4.687500 6.000000 
10.312500 4.687500 6.000000 
12.187500 4.687500 6.000000 
14.062500 4.687500 6.000000 
0.937500 6.562500 6.000000 
2.812500 6.562500 6.000000 
4.687500 6.562500 6.000000 
6.562500 6.562500 6.000000 
8.437500 6.562500 6.000000 
10.312500 6.562500 6.000000 
12.187500 6.562500 6.000000 
14.062500 6.562500 6.000000 
