19, 165.4
4, 166.2
17, 169.9
10, 187.4
9, 1954.9
4, 1960.2
30, 1964.2
13, 1967.9
8, 1971
22, 1974.8
12, 3036.6
23, 3040.9
0, 3051.2
6, 3054.5
1, 3060
14, 4803
23, 4865.3
17, 5564.5
20, 6044.9
11, 6047.9
10, 6061.1
19, 6064.1
5, 6069.5
4, 6074.4
18, 6085.5
19, 6541.6
26, 6543.2
11, 6545.7
12, 6546.3
18, 6546.4
10, 6548.5
17, 6555.8
27, 6570.4
19, 8037.9
12, 8038
22, 8038.6
15, 8043.7
28, 8048.2
10, 8056.3
20, 8065
1, 8066.7
2, 8067.7
3, 8069.1
18, 8072.3
27, 8468.5
26, 8482.6
19, 8546.5
12, 8550.5
3, 8557.8
22, 8561.3
10, 8569.8
28, 8590.4
18, 8604.4
19, 9038.4
11, 9040.7
20, 9041.1
12, 9041.2
14, 9043.7
22, 9045.6
18, 9046.8
28, 9048.1
4, 9049
10, 9053.8
1, 9063.3
3, 9079.4
19, 9324.6
4, 9333.4
12, 9340.9
12, 9530.9
14, 9532.1
19, 9536.6
4, 9540.6
20, 9541
10, 9541.7
3, 9542
5, 9542.2
11, 9543.8
18, 9545.2
17, 9546.3
1, 9547
21, 9547.7
27, 9549.7
9, 9552.5
30, 9555.3
26, 9558.4
29, 9558.5
28, 9558.7
22, 9559
2, 9559.8
12, 9562.3
14, 9564.4
19, 9567.5
25, 9574.9
27, 9597.5
20, 9601
19, 10040.2
11, 10041
10, 10042.4
1, 10042.9
9, 10044.2
17, 10046.4
3, 10047.3
27, 10048.6
2, 10050.2
12, 10052.2
20, 10056.7
24, 10058.1
25, 10058.7
18, 10063.1
22, 10066.2
11, 10100
19, 10165.3
19, 10531.3
17, 10534.6
27, 10535.6
20, 10535.8
21, 10536.4
18, 10538
10, 10539.6
3, 10539.7
22, 10540.1
12, 10541.5
11, 10543.8
1, 10544.7
14, 10544.8
6, 10545.7
30, 10546.9
19, 10548.8
29, 10549.1
5, 10549.5
2, 10553.1
4, 10553.5
9, 10556.4
13, 10559.6
26, 10567.5
17, 10570
16, 10576.5
25, 10577.7
15, 10598.6
19, 10651.9
10, 11041.3
19, 11041.7
3, 11046.6
12, 11049.1
1, 11049.9
14, 11050.7
20, 11051.8
11, 11053
13, 11057.6
5, 11062.2
22, 11068.4
21, 11069.5
9, 11080.1
2, 11086.9
18, 11100.1
17, 11107
12, 11536.3
1, 11538.1
10, 11538.1
19, 11538.2
18, 11538.3
3, 11540.3
5, 11542
2, 11542.1
11, 11544.1
20, 11544.6
17, 11545.1
14, 11548.2
9, 11553
6, 11554.8
13, 11557.8
27, 11566
4, 11566.7
19, 11598.2
12, 11763.2
30, 11763.5
11, 11763.9
5, 11766.7
4, 11772.6
13, 11779.9
2, 11797.1
1, 12033.1
2, 12033.3
10, 12034.4
9, 12034.7
19, 12035
17, 12037.4
0, 12037.7
14, 12037.8
12, 12038.3
3, 12038.4
8, 12039
26, 12039.1
25, 12039.3
11, 12039.7
18, 12039.7
22, 12040.4
20, 12042
28, 12044.9
16, 12045.1
13, 12046.5
21, 12047.6
24, 12047.7
4, 12052.2
10, 12054.5
5, 12055.4
27, 12058.3
25, 12064.8
9, 12065.9
26, 12066.1
19, 12066.5
1, 12068.2
2, 12071.2
17, 12071.8
24, 12089.8
10, 12097.2
18, 12532.3
19, 12532.7
11, 12534.5
20, 12534.6
12, 12534.7
10, 12534.8
26, 12535.8
14, 12536.7
3, 12536.9
1, 12537.1
2, 12537.6
27, 12537.9
28, 12540.1
6, 12540.2
5, 12541.9
9, 12542.5
17, 12542.8
4, 12543.7
23, 12545.2
15, 12546.3
22, 12547.6
18, 12549.1
29, 12550.2
19, 12550.6
26, 12550.8
21, 12551.8
11, 12558.1
10, 12558.4
3, 12566.6
12, 12566.8
13, 12567.6
20, 12570
14, 12581.6
19, 12596
11, 12608.2
19, 13032.8
1, 13033.2
10, 13034.8
18, 13035.5
3, 13036.3
11, 13036.7
2, 13036.9
14, 13037.6
12, 13038.2
17, 13038.2
20, 13038.5
27, 13039.8
0, 13040.8
6, 13041.4
9, 13041.5
28, 13041.8
8, 13043.9
23, 13046.2
15, 13047
22, 13047
26, 13047.7
21, 13048.1
19, 13051.3
13, 13052.9
5, 13053.1
29, 13053.2
25, 13053.4
4, 13054
30, 13055
10, 13056.5
1, 13060.4
17, 13068.9
18, 13075.3
11, 13075.4
3, 13077
2, 13083.2
14, 13103.3
10, 13105.8
12, 13529
19, 13529.4
3, 13531.3
18, 13532.1
11, 13533
10, 13533.2
2, 13533.9
5, 13534.6
1, 13534.7
20, 13534.9
4, 13535.2
14, 13536.7
28, 13537.4
12, 13538.8
9, 13539.1
13, 13539.5
19, 13539.6
21, 13540.7
27, 13540.7
22, 13541.7
17, 13543.3
18, 13551.2
10, 13554.2
3, 13556.8
11, 13557.3
20, 13558.6
12, 13562.1
26, 13562.3
8, 13563.1
19, 13563.4
2, 13566
28, 13576.3
4, 13578.5
9, 13582.3
1, 13585.2
18, 13587.8
10, 13588.9
25, 13591.8
14, 13592.1
12, 13593.9
11, 13594.9
19, 13598.5
27, 13603.3
20, 13621.3
12, 13644.9
3, 13691.2
14, 13692.5
12, 13697.1
10, 14029.3
19, 14029.7
2, 14030.1
1, 14030.2
9, 14032.4
3, 14033.3
18, 14033.3
17, 14034
12, 14034.4
11, 14034.6
8, 14035.8
27, 14036
20, 14036.3
28, 14037.6
13, 14037.8
22, 14040.1
4, 14040.3
14, 14041
6, 14042.6
15, 14043.2
5, 14043.4
10, 14043.9
19, 14044.4
21, 14048.8
2, 14052.9
26, 14053.9
1, 14057
18, 14060.3
9, 14063.1
29, 14063.4
7, 14066.5
17, 14066.7
10, 14070.9
19, 14072
27, 14074
12, 14076.2
3, 14077.1
11, 14077.3
20, 14085.2
13, 14091.1
22, 14091.1
8, 14098.7
2, 14109.5
1, 14144.1
10, 14166.9
14, 14341.3
30, 14354.8
28, 14432.8
19, 14528.1
10, 14529.7
11, 14530.4
18, 14531
27, 14531
3, 14531.3
26, 14531.3
1, 14531.4
2, 14532.2
12, 14532.6
4, 14532.9
28, 14533.2
9, 14533.3
20, 14534
30, 14535.2
25, 14536.1
22, 14537.6
14, 14537.8
17, 14537.9
5, 14538
19, 14540.2
23, 14540.7
13, 14543
10, 14543.1
18, 14543.6
27, 14544.8
11, 14545.3
21, 14546.8
12, 14554.5
31, 14554.6
6, 14555.1
4, 14556.3
20, 14558.8
1, 14559.3
3, 14560.1
26, 14560.5
2, 14561
19, 14561
29, 14563.7
28, 14565.4
10, 14566
9, 14567.3
18, 14570.4
27, 14574.2
30, 14578.8
11, 14581
8, 14581.2
19, 14591.5
25, 14601.1
17, 14605.2
10, 14610.9
18, 14621.7
