0.500000 0.500000 1.000000 
2.800000 0.500000 1.000000 
5.100000 0.500000 1.000000 
7.400000 0.500000 1.000000 
9.700000 0.500000 1.000000 
12.000000 0.500000 1.000000 
14.300000 0.500000 1.000000 
0.500000 1.500000 1.000000 
2.800000 1.500000 1.000000 
5.100000 1.500000 1.000000 
7.400000 1.500000 1.000000 
9.700000 1.500000 1.000000 
12.000000 1.500000 1.000000 
14.300000 1.500000 1.000000 
0.500000 2.500000 1.000000 
2.800000 2.500000 1.000000 
5.100000 2.500000 1.000000 
7.400000 2.500000 1.000000 
9.700000 2.500000 1.000000 
12.000000 2.500000 1.000000 
14.300000 2.500000 1.000000 
0.500000 0.500000 2.000000 
2.800000 0.500000 2.000000 
5.100000 0.500000 2.000000 
7.400000 0.500000 2.000000 
9.700000 0.500000 2.000000 
12.000000 0.500000 2.000000 
14.300000 0.500000 2.000000 
0.500000 1.500000 2.000000 
2.800000 1.500000 2.000000 
5.100000 1.500000 2.000000 
7.400000 1.500000 2.000000 
9.700000 1.500000 2.000000 
12.000000 1.500000 2.000000 
14.300000 1.500000 2.000000 
0.500000 2.500000 2.000000 
2.800000 2.500000 2.000000 
5.100000 2.500000 2.000000 
7.400000 2.500000 2.000000 
9.700000 2.500000 2.000000 
12.000000 2.500000 2.000000 
14.300000 2.500000 2.000000 
0.500000 0.500000 3.000000 
2.800000 0.500000 3.000000 
5.100000 0.500000 3.000000 
7.400000 0.500000 3.000000 
9.700000 0.500000 3.000000 
12.000000 0.500000 3.000000 
14.300000 0.500000 3.000000 
0.500000 1.500000 3.000000 
2.800000 1.500000 3.000000 
5.100000 1.500000 3.000000 
7.400000 1.500000 3.000000 
9.700000 1.500000 3.000000 
12.000000 1.500000 3.000000 
14.300000 1.500000 3.000000 
0.500000 2.500000 3.000000 
2.800000 2.500000 3.000000 
5.100000 2.500000 3.000000 
7.400000 2.500000 3.000000 
9.700000 2.500000 3.000000 
12.000000 2.500000 3.000000 
14.300000 2.500000 3.000000 
